 24.314640 71.924733 9.638251 1.538037 7.300195 13.749198 0.253109 0.288100 0.178003 3.696253 1.027250 1.324747 0.038728 0.108299 0.039126 34.551648 1.057213 0.685460 0.688592 22.840219 6.635607 1.464579 2.273892 0.683149 9.860413 0.122498 0.402236 1.380121 4.484468 0.184305 0.182545 0.568388 4.745942 0.308711 0.110486 46.860790 2.905539 0.941580 1.765047 23.478586 7.838646 1.485398 3.351290 2.078419 18.839098 0.336792 1.307804 5.470861 14.415826 0.832285 0.788351 1.876643 13.447751 1.020572 0.306139 3.291278 59.592067 50.831088 0.460900 0.377102 0.163428 1.816562 0.575661 0.006940 0.008889 0.004018 9.102753 0.322919 0.268851 0.106461 0.105453 0.077035 0.049230 0.001739 0.000903 0.000369 5.774129 2.579277 0.030459 0.033418 0.013952 2.766870 18.006231 0.410108 0.326948 0.131255 0.987756 20.923427 0.201952 0.140040 0.079128 0.033902 1.567146 0.548714 0.008637 0.004433 0.045013 1.285994 0.407335 0.008662 0.001868 0.021890 0.562060 0.269284 0.004728 0.001990 12.636109 8.476812 0.101652 0.086090 0.032781 2.810640 21.916548 0.416085 0.327971 0.134755 1.536509 30.612049 0.271717 0.214461 0.105438 0.171205 7.301407 3.335668 0.045515 0.020825 0.264891 5.887311 2.787119 0.048909 0.011044 0.181885 3.677215 2.322513 0.029589 0.015408 31.696680 8.843723 2.388590 1.343066 1.666135 15.664059 0.372724 0.000000 0.471151 1.113824 0.454841 0.705643 0.014141 0.089507 0.020386 5.226346 3.132702 3.204982 2.990113 1.661258 1.007555 0.640479 0.128932 0.192708 0.135978 2.545146 7.275905 11.757414 0.568196 0.600768 0.505065 0.872522 0.754591 0.000000 0.000000 0.000000 2.375709 0.203954 0.226450 0.187158 0.092350 0.337279 0.035399 0.000000 0.000000 0.000000 0.686242 0.705092 0.081409 0.117650 0.077348 0.466904 0.182674 0.185434 0.134063 0.185071 0.181097 0.140731 0.027319 0.017831 0.023568
 71.924733 1661.950460 346.358677 40.240163 238.791961 48.521089 2.267226 0.902161 1.391333 151.628741 30.925787 52.219179 1.372067 4.756027 1.439818 165.041763 10.631838 3.145714 6.336875 68.736217 269.085238 39.062107 89.527756 6.049772 391.429718 4.500225 15.903115 4.077033 124.148775 6.387073 6.599409 4.154548 174.301579 14.913810 4.313883 386.571877 44.694024 8.463451 27.519175 69.487403 300.634231 39.018922 124.902603 13.443654 665.851137 11.261811 46.280896 13.992824 337.400492 28.629240 27.278310 11.949048 428.039593 43.789855 11.108919 93.840282 1422.065100 802.610510 21.374951 15.665640 3.709600 59.680533 5.223306 0.564680 0.360447 0.114601 223.461671 15.526881 12.424475 2.589765 2.810626 1.483148 0.867493 0.118192 0.049296 0.018776 186.939525 22.245289 2.253439 1.304866 0.388358 89.165011 450.803636 20.170783 15.153393 3.303379 13.951433 510.624033 5.688604 3.663001 1.550451 2.308020 66.151483 14.125530 0.550295 0.207425 1.772703 56.244606 7.547953 0.562973 0.090017 0.617604 13.586712 4.693386 0.260566 0.100417 369.065563 85.285063 5.555317 3.097180 0.820793 90.541231 558.895366 20.448212 15.153224 3.431006 28.965138 749.189450 8.166987 6.612209 2.138015 7.550036 214.407765 73.911765 2.270781 0.693199 8.816088 201.419634 44.837219 2.664585 0.422398 4.530301 86.343389 36.780491 1.666411 0.743477 104.269443 297.093739 184.581975 77.695896 101.759535 54.687768 0.511065 0.000000 0.143501 95.713302 41.797551 53.080546 0.085363 0.586024 0.324638 19.177691 14.114587 10.079143 11.876657 21.292402 14.578284 21.572589 11.822424 16.574571 11.182855 116.441851 309.563346 324.928414 48.181980 42.625153 15.614614 45.520344 4.617920 0.000000 0.000000 0.000000 101.928785 20.462589 16.819553 5.638363 4.278308 2.103775 2.202830 0.000000 0.000000 0.000000 19.213821 16.751567 6.989807 5.636519 3.369789 20.473647 12.515116 9.300249 6.312052 10.015471 9.513258 6.318690 3.569118 2.014762 1.742789
 9.638251 346.358677 491.780642 4.493302 63.584806 5.035577 2.569196 0.074028 0.250877 101.603214 2.917630 8.159348 0.862778 3.020808 0.212289 19.071998 12.529097 0.272009 1.228011 7.791755 235.722284 3.897877 18.617313 3.910804 193.405914 1.581373 7.838473 0.343504 12.724369 4.267003 1.040684 0.520090 24.733729 10.138729 0.461369 58.926429 55.836989 0.881755 6.205579 8.580274 313.635279 4.090874 31.460198 4.714356 235.884830 2.271878 15.651422 1.332181 45.203154 23.878092 5.367209 1.361082 65.640442 37.409633 1.091835 49.938060 611.330231 238.860340 8.772862 5.268133 1.686046 31.229815 1.908553 0.165753 0.239349 0.066315 83.769216 6.504783 4.102601 1.344997 1.172350 0.465296 0.229527 0.047491 0.011191 0.006325 92.154465 7.178073 0.667467 0.711426 0.209950 47.798654 160.783792 8.426048 5.071187 1.586662 6.085494 203.912349 2.655371 1.172542 0.491866 0.769533 28.295300 5.590275 0.214676 0.051335 1.186666 18.816722 2.343300 0.232369 0.031010 0.357084 7.122532 1.246125 0.059626 0.033723 170.547824 24.430109 1.908153 1.302040 0.394130 48.475875 187.245462 8.515858 5.075611 1.599813 13.258426 323.283235 3.776923 2.131605 0.844862 3.162022 92.625988 23.142484 0.898009 0.208216 6.191539 74.986400 14.082664 1.170352 0.166223 2.574617 45.481891 9.856146 0.414168 0.237892 4.981032 127.991447 281.658315 2.941488 7.674860 0.671304 9.094315 0.000000 0.150718 89.941932 0.886011 1.105244 4.305557 4.591130 0.040993 6.588186 8.769275 0.251158 0.532634 15.039967 4.478748 9.030460 6.773806 9.702996 0.528223 46.922511 77.101527 66.302300 15.483867 8.250963 4.307697 18.238400 0.434955 0.000000 0.000000 0.000000 23.004432 5.887694 3.612809 2.263543 0.981438 0.843945 0.322758 0.000000 0.000000 0.000000 6.090609 5.677907 2.797940 2.805927 1.484847 7.201583 4.478643 2.850819 1.351913 3.986720 2.358368 1.289413 0.834996 0.556917 0.400419
 1.538037 40.240163 4.493302 5.742291 5.115114 0.993783 0.033612 0.080304 0.026874 1.968727 4.201197 1.114988 0.124320 0.064240 0.162586 3.462141 0.156993 0.297022 0.126355 1.462548 3.220527 5.570223 1.917641 0.100940 6.028465 0.444478 0.256045 0.329744 14.370894 0.487802 0.669217 0.083996 4.041096 0.193078 0.501841 8.888371 0.678764 0.948315 0.580902 1.485417 3.679723 5.578143 2.809847 0.276302 12.888744 1.281564 0.930996 0.766019 24.049379 1.145732 1.687071 0.252808 10.789194 0.608567 1.404904 1.798488 33.807324 20.972239 0.251715 0.232417 0.066729 1.156150 0.255738 0.004965 0.006813 0.001375 5.299526 0.172256 0.186582 0.041854 0.055014 0.026295 0.022153 0.001083 0.000411 0.000216 4.143548 1.091526 0.020471 0.024671 0.005004 1.669783 10.456059 0.222454 0.223445 0.053832 0.546954 12.142667 0.097524 0.062308 0.034365 0.023801 0.790110 0.286362 0.005026 0.001943 0.034858 0.912682 0.137931 0.005467 0.001094 0.007462 0.225146 0.120317 0.002209 0.001165 9.109721 3.695503 0.058856 0.053372 0.013623 1.698614 12.637000 0.226233 0.223702 0.056474 0.851075 17.607431 0.130558 0.102022 0.043331 0.128156 3.269920 1.728761 0.022180 0.008587 0.193344 4.334046 0.936796 0.030526 0.006452 0.059058 1.647035 0.948949 0.016134 0.008892 1.305395 4.155160 1.456565 12.999189 1.773440 0.708938 0.015700 0.000000 0.017045 0.697851 6.575040 0.854995 0.093474 0.028906 0.354274 0.535890 0.134857 1.204360 0.144595 0.747972 1.986125 0.674423 1.431649 0.136149 1.430174 1.695412 4.578167 5.321320 0.439185 0.388605 0.177688 0.617456 0.155415 0.000000 0.000000 0.000000 1.509192 0.191218 0.168943 0.054040 0.073153 0.009080 0.053253 0.000000 0.000000 0.000000 0.513700 0.520664 0.052185 0.049026 0.038136 0.410721 0.115482 0.110886 0.082013 0.106404 0.113022 0.082284 0.018066 0.012692 0.009337
 7.300195 238.791961 63.584806 5.115114 404.441486 4.050483 0.335592 0.063124 1.472932 18.881205 2.901814 31.096383 0.159839 5.122590 1.537527 15.225311 1.649484 0.235307 7.229850 5.673427 37.289921 3.876471 88.240048 0.763464 47.619639 0.460131 20.453411 0.290190 12.553129 0.777521 7.609153 1.967769 61.081391 8.270410 2.137793 45.092371 7.748087 0.794676 34.477428 6.019286 47.993138 4.351609 167.079799 1.646027 88.055759 1.266610 66.122619 1.100942 41.226733 4.008637 36.485369 2.708906 97.594785 12.620063 2.843998 22.337330 460.434194 228.138900 4.202779 3.372658 0.747676 15.272246 1.575361 0.080376 0.088321 0.034631 71.742595 3.090466 2.553883 0.520356 0.727532 0.505925 0.174107 0.019842 0.008996 0.002999 51.625070 6.511990 0.319201 0.327188 0.111635 21.557843 138.581947 3.872678 3.224698 0.668981 4.819430 172.437030 1.472184 1.118877 0.325840 0.383374 14.452912 3.703079 0.098357 0.038721 0.437304 12.123840 2.625370 0.095819 0.014563 0.188004 2.815894 0.952575 0.048447 0.016356 108.176217 22.320932 0.793995 0.767306 0.208598 21.693773 168.757025 3.953451 3.255841 0.693993 9.590322 256.816663 2.106649 1.717782 0.444215 1.711240 57.176365 19.141774 0.482333 0.119067 2.168617 51.737585 15.832304 0.487242 0.070812 1.451624 21.741020 8.172845 0.342746 0.139062 3.747450 53.915924 7.914565 4.020359 203.126045 0.767933 0.006197 0.000000 12.217587 1.033088 0.786555 48.253575 0.001465 17.704433 10.259709 2.471884 0.348579 0.260357 6.956001 7.258404 2.949289 13.582051 0.343189 9.893576 7.222771 28.395069 92.481053 84.690544 8.326779 8.134512 1.394935 11.151275 0.437119 0.000000 0.000000 0.000000 27.181881 4.054547 3.572247 0.656895 1.774751 0.305920 0.185760 0.000000 0.000000 0.000000 5.095626 6.344769 0.878658 0.990879 0.629880 6.247144 1.908085 1.952612 1.319959 2.106334 1.834256 1.368881 0.350502 0.197797 0.223888
 13.749198 48.521089 5.035577 0.993783 4.050483 8.259263 0.114142 0.153992 0.088915 2.291127 0.694081 0.893548 0.023448 0.054798 0.024403 22.037958 0.455792 0.394681 0.324907 13.084422 3.848654 0.955706 1.432431 0.389843 6.471498 0.079973 0.198033 0.731534 3.011467 0.111332 0.112759 0.357024 3.348195 0.178012 0.074914 31.153945 1.225062 0.577631 0.799207 13.336050 4.259341 0.962839 1.972626 1.311414 12.939063 0.228799 0.652379 2.827297 9.515593 0.493252 0.470331 1.263932 9.673666 0.612413 0.214021 1.999872 40.117111 29.555619 0.305859 0.266118 0.105552 1.174171 0.258998 0.004567 0.005542 0.002402 6.107766 0.214365 0.196668 0.071206 0.070013 0.047178 0.029356 0.001139 0.000641 0.000252 3.743765 1.176832 0.019942 0.021133 0.008079 1.769012 11.969948 0.273768 0.238494 0.088319 0.487637 14.035113 0.136896 0.092304 0.049146 0.022265 1.042835 0.363660 0.005665 0.003145 0.027952 0.933654 0.248146 0.005671 0.001272 0.013080 0.375143 0.160339 0.003343 0.001361 8.349114 4.260106 0.065435 0.055384 0.019178 1.794548 14.471283 0.277601 0.238895 0.090730 0.859433 20.583980 0.184887 0.147740 0.066287 0.113534 4.924982 2.193250 0.030182 0.014737 0.157185 4.123981 1.646550 0.031866 0.007254 0.108321 2.426554 1.362930 0.020432 0.010436 20.435719 5.624829 1.210898 0.954062 1.008247 10.181698 0.021006 0.000000 0.004080 0.615015 0.367561 0.508787 0.000393 0.000944 0.000248 3.004309 1.740395 1.822004 1.677482 0.871800 0.595065 0.395056 0.073600 0.097454 0.085952 1.691897 5.297824 7.445622 0.403192 0.478488 0.360868 0.618199 0.314754 0.000000 0.000000 0.000000 1.743927 0.144093 0.181377 0.133721 0.059718 0.200250 0.020131 0.000000 0.000000 0.000000 0.352904 0.355251 0.051882 0.078282 0.049647 0.290645 0.131063 0.135234 0.096327 0.131372 0.133326 0.100372 0.021147 0.013177 0.018836
 0.253109 2.267226 2.569196 0.033612 0.335592 0.114142 0.096272 0.001586 0.003322 0.559837 0.021926 0.044286 0.005623 0.013024 0.001404 0.428346 0.437755 0.005717 0.015316 0.188143 1.301277 0.029912 0.095701 0.148198 1.163592 0.011058 0.037721 0.007379 0.096346 0.027388 0.006811 0.008149 0.145304 0.044081 0.003509 0.951804 1.229704 0.013242 0.056607 0.220538 1.909237 0.031312 0.161196 0.178757 1.509721 0.016886 0.086249 0.028961 0.333019 0.143008 0.033165 0.026856 0.427832 0.165461 0.009184 0.380770 3.700380 1.307673 0.035944 0.022160 0.011808 0.224833 0.033997 0.000649 0.001294 0.000390 0.486079 0.027688 0.017120 0.009652 0.004785 0.002154 0.001455 0.000183 0.000079 0.000033 0.672313 0.112473 0.002634 0.004081 0.001146 0.361414 0.901794 0.034233 0.021310 0.011127 0.100993 1.263850 0.010839 0.005549 0.003209 0.003101 0.127849 0.023808 0.000890 0.000386 0.006399 0.081655 0.011108 0.000869 0.000166 0.002096 0.051086 0.007923 0.000411 0.000179 1.161855 0.216002 0.008265 0.007950 0.002012 0.369025 1.036673 0.034450 0.021359 0.011159 0.146739 1.952998 0.015863 0.010267 0.005280 0.014070 0.466274 0.112026 0.004033 0.001673 0.035715 0.392172 0.071651 0.004400 0.000895 0.014967 0.332558 0.063788 0.002403 0.001288 0.358349 0.570710 0.975284 0.019136 0.031759 0.067362 0.329247 0.000000 0.005274 0.423020 0.004440 0.005669 0.012923 0.016494 0.000204 0.283138 0.330357 0.014912 0.012642 0.267374 0.027599 0.034715 0.035130 0.039238 0.002204 0.295666 0.328372 0.279252 0.061704 0.019962 0.036318 0.091444 0.002496 0.000000 0.000000 0.000000 0.094156 0.022233 0.008710 0.014258 0.002478 0.004247 0.001800 0.000000 0.000000 0.000000 0.074570 0.073150 0.013956 0.019492 0.013073 0.072021 0.012954 0.010752 0.006766 0.011951 0.007792 0.006490 0.002149 0.001855 0.001488
 0.288100 0.902161 0.074028 0.080304 0.063124 0.153992 0.001586 0.013723 0.001127 0.035029 0.053520 0.015283 0.001332 0.000807 0.001630 0.392213 0.006267 0.035124 0.004363 0.268885 0.058092 0.077030 0.024620 0.006063 0.104223 0.004504 0.003297 0.061142 0.215429 0.005856 0.006778 0.004675 0.058898 0.002768 0.005358 0.561311 0.017940 0.051577 0.011993 0.278479 0.064380 0.077943 0.033808 0.025039 0.234025 0.014949 0.012239 0.167121 0.475227 0.016527 0.016738 0.018712 0.177216 0.009974 0.015822 0.042144 0.693432 0.661510 0.005150 0.003432 0.002050 0.021453 0.012610 0.000075 0.000081 0.000056 0.137268 0.003554 0.002465 0.001163 0.001280 0.000696 0.000798 0.000013 0.000008 0.000004 0.079904 0.057159 0.000326 0.000317 0.000222 0.032386 0.284499 0.004586 0.002989 0.001414 0.021106 0.310572 0.002604 0.001206 0.001132 0.000379 0.017561 0.006661 0.000066 0.000041 0.000428 0.011862 0.003755 0.000067 0.000023 0.000304 0.006231 0.004374 0.000044 0.000024 0.199168 0.167983 0.001040 0.000801 0.000612 0.032979 0.370588 0.004685 0.003020 0.001481 0.027547 0.435341 0.003408 0.001665 0.001523 0.002297 0.084317 0.039563 0.000341 0.000209 0.002979 0.055668 0.031121 0.000401 0.000160 0.002600 0.044412 0.037851 0.000307 0.000186 0.258403 0.094946 0.011913 0.122555 0.012497 0.143355 0.000297 0.000000 0.000290 0.004827 0.046235 0.004684 0.000475 0.000121 0.000494 0.103170 0.025144 0.116583 0.024499 0.017072 0.071566 0.008377 0.006940 0.001361 0.010961 0.024161 0.071325 0.102327 0.006887 0.003373 0.002872 0.004438 0.014804 0.000000 0.000000 0.000000 0.027820 0.001933 0.001339 0.001232 0.000731 0.000339 0.000795 0.000000 0.000000 0.000000 0.016487 0.020696 0.000715 0.000668 0.000592 0.005538 0.002356 0.001624 0.001502 0.002510 0.001728 0.001637 0.000226 0.000172 0.000120
 0.178003 1.391333 0.250877 0.026874 1.472932 0.088915 0.003322 0.001127 0.053288 0.078684 0.018112 0.116227 0.000783 0.024890 0.004136 0.308597 0.015358 0.004224 0.235318 0.124549 0.139882 0.023632 0.264125 0.010033 0.218601 0.002725 0.108319 0.005182 0.077618 0.003766 0.020528 0.079383 0.326222 0.036631 0.007671 0.605588 0.054356 0.009820 0.649084 0.131853 0.171272 0.024455 0.544831 0.031288 0.439019 0.008059 0.362197 0.019369 0.250225 0.017878 0.107429 0.112306 0.624363 0.055991 0.013640 0.076292 2.118310 1.087785 0.019386 0.015398 0.002847 0.051359 0.004118 0.000221 0.000403 0.000102 0.372959 0.014569 0.011563 0.002057 0.003348 0.002447 0.000617 0.000088 0.000031 0.000012 0.167608 0.018484 0.000917 0.001596 0.000338 0.073636 0.749010 0.018087 0.014712 0.002605 0.011902 0.847217 0.006815 0.005649 0.001217 0.001045 0.069169 0.017096 0.000445 0.000143 0.001940 0.055257 0.012737 0.000408 0.000058 0.000553 0.011114 0.003378 0.000166 0.000066 0.380024 0.079762 0.002642 0.004109 0.000726 0.074076 0.879108 0.018350 0.014802 0.002664 0.024144 1.191493 0.009283 0.008725 0.001723 0.004944 0.273015 0.091605 0.002370 0.000507 0.008534 0.241735 0.076698 0.001892 0.000283 0.004312 0.086240 0.029223 0.001109 0.000559 0.233139 0.168665 0.038050 0.019985 0.458513 0.089258 0.000103 0.000000 0.435104 0.007250 0.006337 0.136128 0.000006 0.069742 0.019223 0.132095 0.012112 0.014560 0.215865 0.027958 0.010824 0.085511 0.001825 0.042745 0.023973 0.068284 0.339755 0.331593 0.030378 0.031126 0.005880 0.030845 0.000618 0.000000 0.000000 0.000000 0.106689 0.013937 0.011520 0.002210 0.003308 0.001521 0.000296 0.000000 0.000000 0.000000 0.012517 0.011595 0.002305 0.004741 0.001902 0.015480 0.007838 0.008088 0.005432 0.008003 0.006929 0.005609 0.001180 0.000649 0.000819
 3.696253 151.628741 101.603214 1.968727 18.881205 2.291127 0.559837 0.035029 0.078684 41.048668 1.404683 3.193557 0.250257 0.957253 0.075562 8.660522 2.701470 0.129267 0.379555 3.421822 82.433070 1.872579 6.260642 1.164204 86.929244 0.625989 2.511102 0.161558 6.074950 1.231344 0.361629 0.206715 10.714081 3.466086 0.200099 26.268206 12.044173 0.395402 1.917422 3.533330 93.605649 1.891743 9.290518 1.594098 108.564923 0.997406 4.804166 0.602628 20.929237 6.525197 1.748553 0.601746 29.190373 11.112478 0.516971 13.189519 190.049931 68.653996 3.364201 2.071926 0.448575 8.716898 0.607056 0.054523 0.050294 0.020785 24.843541 2.544381 1.643671 0.348816 0.375736 0.172991 0.063900 0.018715 0.004793 0.002620 27.356138 2.301970 0.228215 0.174868 0.067303 12.711822 46.237525 3.241114 2.011357 0.423708 1.969283 62.217138 0.841259 0.466279 0.136816 0.246746 10.836952 1.822037 0.085062 0.021360 0.248431 7.366856 0.859982 0.090723 0.012347 0.111558 1.844749 0.346537 0.025471 0.014018 51.689542 7.757484 0.703851 0.397553 0.120815 12.813423 53.896328 3.266305 2.006899 0.429127 4.505349 98.935816 1.255125 0.862212 0.221447 0.929818 33.521504 7.858649 0.363770 0.076960 1.333987 27.352405 4.817868 0.460690 0.054247 0.770515 12.149039 2.748521 0.174717 0.103011 2.295570 47.323178 61.344695 1.688503 3.065053 0.546047 0.441664 0.000000 0.000263 30.787586 0.702785 0.714165 0.075659 0.213120 0.000961 2.503009 2.909155 0.126069 0.190367 5.058118 1.750894 3.170304 2.432345 3.568859 0.208127 14.362048 24.721693 22.264338 6.671395 3.650403 1.333072 5.697029 0.135528 0.000000 0.000000 0.000000 7.791623 2.655002 1.606077 0.580787 0.274860 0.204826 0.099301 0.000000 0.000000 0.000000 1.906746 1.803371 0.883274 0.650596 0.359995 2.317501 1.569108 0.964862 0.488153 1.297985 0.999241 0.471300 0.414346 0.269758 0.217426
 1.027250 30.925787 2.917630 4.201197 2.901814 0.694081 0.021926 0.053520 0.018112 1.404683 3.141160 0.775939 0.073726 0.041863 0.083589 2.523096 0.101496 0.208273 0.084445 0.985107 2.226993 4.118288 1.186014 0.070413 4.429429 0.299518 0.164451 0.217549 10.847021 0.284039 0.327576 0.060289 2.983984 0.132926 0.324125 6.722226 0.417894 0.688584 0.366913 0.994479 2.456355 4.100971 1.554509 0.197946 9.745430 0.912638 0.561573 0.493234 18.369684 0.666451 0.766588 0.185383 8.208599 0.424593 0.988184 1.266511 24.918766 15.370083 0.192513 0.175743 0.050065 0.820403 0.173086 0.003529 0.005093 0.000969 3.933701 0.134148 0.141494 0.031804 0.038941 0.019516 0.016231 0.000854 0.000329 0.000168 2.944063 0.742838 0.014540 0.018377 0.003572 1.178956 7.818174 0.172230 0.169342 0.041285 0.367769 8.902529 0.069482 0.046833 0.025714 0.016587 0.608635 0.202513 0.003915 0.001540 0.026002 0.692151 0.102242 0.004318 0.000852 0.005260 0.170922 0.088016 0.001764 0.000905 6.540806 2.598375 0.042998 0.040050 0.010098 1.199459 9.463213 0.174888 0.169490 0.043448 0.578024 12.855102 0.094877 0.077547 0.032418 0.087717 2.443514 1.229231 0.016686 0.006655 0.141048 3.258846 0.684890 0.023993 0.005015 0.041759 1.241888 0.686320 0.012787 0.006861 0.917106 3.020709 0.942709 10.023059 1.031589 0.505758 0.000480 0.000000 0.000228 0.484380 5.128422 0.554516 0.001230 0.000692 0.013954 0.354930 0.084620 0.855451 0.086937 0.475937 1.335915 0.424147 0.990194 0.083345 0.965952 1.232094 3.613857 4.172104 0.362059 0.315900 0.152147 0.465961 0.110490 0.000000 0.000000 0.000000 1.189389 0.163805 0.134227 0.044279 0.042348 0.006481 0.042444 0.000000 0.000000 0.000000 0.366276 0.361662 0.039526 0.037114 0.028005 0.297516 0.092890 0.085636 0.064411 0.084576 0.088399 0.064675 0.015052 0.010738 0.007358
 1.324747 52.219179 8.159348 1.114988 31.096383 0.893548 0.044286 0.015283 0.116227 3.193557 0.775939 9.195097 0.026867 0.608160 0.174992 3.426668 0.215278 0.059803 0.553294 1.242167 6.002439 1.035437 19.374488 0.114513 8.751963 0.096363 2.144747 0.068665 3.278870 0.125979 0.823566 0.304811 21.903103 1.500490 0.407868 10.084379 1.014311 0.196417 2.767762 1.263205 7.022799 1.067990 25.362014 0.258416 17.803051 0.297594 6.651743 0.236260 9.823313 0.591246 3.423331 0.558650 32.363780 2.451652 0.665179 2.889250 59.659767 30.296213 0.395122 0.591814 0.082475 1.907218 0.199492 0.006758 0.011574 0.003608 9.326305 0.287969 0.444730 0.056330 0.075668 0.080273 0.020746 0.003527 0.000488 0.000448 6.616995 0.854537 0.027484 0.046327 0.012482 2.749757 18.112699 0.365901 0.571217 0.073887 0.605685 22.427904 0.147254 0.180579 0.040656 0.033113 1.399608 0.387832 0.018083 0.002362 0.054156 1.977406 0.408545 0.015488 0.002003 0.019655 0.303256 0.113353 0.002595 0.002440 14.989794 3.011921 0.073824 0.120828 0.025686 2.797329 22.317057 0.377187 0.574290 0.076702 1.114833 33.676341 0.201224 0.281032 0.054735 0.181437 6.635489 2.167353 0.102700 0.011091 0.228069 6.837662 2.185171 0.056616 0.008023 0.158011 2.335627 0.963514 0.018462 0.021541 1.027285 9.521184 1.708489 1.293674 23.446169 0.604918 0.000317 0.000000 0.132091 0.673571 0.623910 11.983264 0.000042 0.304354 0.281181 0.519851 0.097402 0.100948 1.915303 1.727265 0.659550 4.183563 0.102584 2.690585 2.165326 2.547117 8.149368 8.109604 0.500127 1.054643 0.124310 1.010440 0.049951 0.000000 0.000000 0.000000 2.525511 0.223460 0.358168 0.053876 0.112596 0.020892 0.016612 0.000000 0.000000 0.000000 0.473918 0.542850 0.100400 0.173802 0.093505 0.579889 0.172074 0.276500 0.145129 0.174023 0.284431 0.147083 0.059992 0.015218 0.056327
 0.038728 1.372067 0.862778 0.124320 0.159839 0.023448 0.005623 0.001332 0.000783 0.250257 0.073726 0.026867 0.027915 0.004898 0.002760 0.087925 0.028231 0.005491 0.003725 0.034797 0.481144 0.105095 0.047689 0.010846 0.607378 0.055211 0.014834 0.005803 0.279106 0.120264 0.011505 0.002335 0.100145 0.018196 0.008954 0.264026 0.150940 0.021924 0.017903 0.036296 0.633017 0.112356 0.073976 0.016215 0.883315 0.085696 0.035032 0.015064 0.590237 0.306338 0.033170 0.007211 0.306225 0.071346 0.030517 0.117286 1.421588 0.988659 0.014900 0.011408 0.003891 0.070327 0.010287 0.000346 0.000345 0.000130 0.221416 0.010685 0.008939 0.001933 0.002648 0.001319 0.001758 0.000065 0.000019 0.000011 0.208547 0.037101 0.001379 0.001083 0.000392 0.110700 0.423139 0.013756 0.010987 0.002420 0.031169 0.540034 0.005107 0.003354 0.002203 0.001652 0.048553 0.013560 0.000304 0.000091 0.001725 0.042150 0.006677 0.000325 0.000055 0.000705 0.010373 0.009581 0.000104 0.000060 0.373148 0.126364 0.003731 0.002176 0.000706 0.112483 0.500431 0.013914 0.010997 0.002536 0.056237 0.804744 0.007152 0.005515 0.002622 0.007160 0.180445 0.077173 0.001328 0.000381 0.009537 0.173214 0.039489 0.001760 0.000268 0.005254 0.074933 0.075661 0.000768 0.000443 0.019975 0.279262 0.383372 0.207491 0.023208 0.005251 0.014001 0.000000 0.000154 0.165045 0.099533 0.007432 0.086167 0.002009 0.001150 0.013978 0.015939 0.009670 0.001391 0.117905 0.105481 0.019264 0.164487 0.018190 0.012364 0.107536 0.183990 0.207111 0.025535 0.014843 0.005377 0.038774 0.004555 0.000000 0.000000 0.000000 0.056212 0.009985 0.007781 0.001785 0.000941 0.000581 0.004466 0.000000 0.000000 0.000000 0.019635 0.023593 0.004403 0.003316 0.002689 0.026399 0.005671 0.008389 0.003304 0.005206 0.007464 0.003310 0.001001 0.000622 0.000539
 0.108299 4.756027 3.020808 0.064240 5.122590 0.054798 0.013024 0.000807 0.024890 0.957253 0.041863 0.608160 0.004898 0.602742 0.010687 0.219414 0.065097 0.003297 0.124979 0.079557 2.028974 0.056077 1.597099 0.031810 2.271365 0.013833 1.881959 0.003697 0.182666 0.024231 0.052948 0.035033 1.532244 1.212180 0.019840 0.753823 0.337295 0.011863 0.605987 0.083339 2.460141 0.058713 2.775475 0.050358 3.094663 0.027387 3.193180 0.013700 0.630440 0.134938 0.275331 0.047599 2.424685 1.691659 0.031819 0.282902 9.798648 2.714615 0.089951 0.175611 0.010238 0.199982 0.013862 0.001176 0.004784 0.000420 1.048290 0.069320 0.138568 0.007849 0.012137 0.010538 0.001668 0.001854 0.000087 0.000109 0.729179 0.060297 0.005082 0.020250 0.001328 0.274256 1.922080 0.084870 0.172156 0.009566 0.044702 2.629479 0.026626 0.031447 0.003376 0.005871 0.331484 0.060117 0.009588 0.000414 0.020576 0.583793 0.050672 0.007814 0.000447 0.002271 0.042339 0.009116 0.000469 0.000597 1.875508 0.235206 0.014979 0.055630 0.002622 0.275194 2.206317 0.085966 0.171401 0.009720 0.101841 4.343308 0.043592 0.070950 0.005170 0.030064 1.413441 0.271335 0.052364 0.001649 0.061207 1.698709 0.249845 0.022867 0.001360 0.017187 0.327796 0.077736 0.003615 0.005626 0.047590 0.979194 1.184574 0.035994 2.331555 0.006185 0.005727 0.000000 0.135186 0.280369 0.010601 0.300819 0.001384 1.168238 0.037753 0.039788 0.034937 0.002578 0.146054 0.806599 0.033269 0.949444 0.030141 1.025710 0.142613 0.227996 1.102606 0.611806 0.120009 0.267057 0.016089 0.094940 0.002153 0.000000 0.000000 0.000000 0.236774 0.050165 0.124403 0.006937 0.029833 0.002905 0.000770 0.000000 0.000000 0.000000 0.036348 0.031904 0.007305 0.055294 0.005006 0.049233 0.030532 0.069582 0.012827 0.028575 0.059311 0.012370 0.021041 0.002880 0.019009
 0.039126 1.439818 0.212289 0.162586 1.537527 0.024403 0.001404 0.001630 0.004136 0.075562 0.083589 0.174992 0.002760 0.010687 0.053843 0.092800 0.006774 0.006315 0.020978 0.034751 0.136064 0.123288 0.466122 0.003726 0.216299 0.010084 0.048630 0.006734 0.321610 0.011249 0.245163 0.007607 0.423128 0.020184 0.085660 0.277745 0.031378 0.022377 0.126841 0.035989 0.168831 0.142526 0.891089 0.009263 0.474725 0.036509 0.234290 0.015654 0.668834 0.030599 0.709812 0.014154 0.720253 0.037500 0.117740 0.125186 2.174247 1.057979 0.016957 0.014016 0.002960 0.085238 0.013208 0.000550 0.000413 0.000102 0.336379 0.010150 0.010893 0.002023 0.005393 0.001888 0.000783 0.000075 0.000018 0.000009 0.306251 0.058180 0.002285 0.001586 0.000348 0.120314 0.588001 0.013823 0.013466 0.002562 0.034714 0.880300 0.009517 0.004484 0.001454 0.002803 0.049560 0.028036 0.000376 0.000087 0.002107 0.052593 0.009913 0.000381 0.000045 0.000552 0.010957 0.004272 0.000099 0.000050 0.673438 0.185306 0.005366 0.003606 0.000742 0.120979 0.680004 0.014236 0.013502 0.002619 0.059600 1.325357 0.011644 0.006643 0.001978 0.015026 0.237834 0.151951 0.001931 0.000377 0.011925 0.233325 0.067147 0.002269 0.000234 0.004193 0.085948 0.035847 0.000775 0.000428 0.018111 0.225406 0.024428 0.249621 0.565760 0.005739 0.000007 0.000000 0.016123 0.006265 0.087172 0.227814 0.000030 0.025520 0.321423 0.011253 0.001732 0.014458 0.021312 0.025388 0.138104 0.144529 0.014091 0.025486 0.194832 0.141492 0.246307 0.282082 0.021796 0.026005 0.004913 0.046120 0.002846 0.000000 0.000000 0.000000 0.085151 0.005735 0.011877 0.002797 0.021134 0.000993 0.000380 0.000000 0.000000 0.000000 0.027012 0.031562 0.003046 0.003446 0.002858 0.028117 0.004716 0.005457 0.004137 0.004913 0.005917 0.004325 0.000687 0.000371 0.000553
 34.551648 165.041763 19.071998 3.462141 15.225311 22.037958 0.428346 0.392213 0.308597 8.660522 2.523096 3.426668 0.087925 0.219414 0.092800 63.947504 1.770299 1.114735 1.175097 33.121848 14.528704 3.349425 5.395310 1.389182 24.681528 0.301878 0.789933 1.835089 10.801305 0.417097 0.427083 1.203480 12.955024 0.710193 0.294543 98.790466 4.871224 1.833401 3.076557 33.550459 16.147260 3.358535 7.434089 4.187630 48.935614 0.856917 2.566464 6.756197 32.874044 1.848227 1.759134 4.073892 36.806854 2.382095 0.837917 7.000415 141.073753 86.749736 1.136170 1.028310 0.364486 4.329737 0.643211 0.017272 0.022265 0.008564 21.677721 0.811613 0.787207 0.256943 0.238339 0.147922 0.089069 0.004470 0.002625 0.001010 13.855595 2.883647 0.073821 0.084202 0.027986 6.461729 41.965884 1.037543 0.957064 0.317555 1.414391 50.170645 0.486234 0.321453 0.155498 0.083168 3.906165 1.228902 0.022142 0.012809 0.111073 3.694141 0.772010 0.021953 0.005038 0.046514 1.351160 0.485881 0.013646 0.005436 30.487781 11.025781 0.232782 0.214052 0.065261 6.548173 50.308035 1.050536 0.957630 0.325624 2.717510 73.483462 0.664974 0.543418 0.213001 0.418417 17.721774 7.170013 0.115303 0.058034 0.589805 15.500409 4.970539 0.118603 0.027405 0.375123 8.656084 4.067518 0.080835 0.041211 59.498623 18.649755 5.672856 3.928875 4.454824 29.748220 0.098251 0.000000 0.020130 2.931043 1.729845 2.350463 0.001918 0.005099 0.001353 8.675367 5.211997 4.869073 4.696388 2.728901 1.842770 1.487431 0.337648 0.463376 0.389781 6.594954 20.752824 24.910620 1.738619 2.107619 1.368578 2.493514 0.600056 0.000000 0.000000 0.000000 6.896109 0.635691 0.798896 0.509056 0.186719 0.485979 0.063865 0.000000 0.000000 0.000000 1.200366 1.169183 0.207531 0.331670 0.197897 1.141058 0.536303 0.545901 0.382598 0.528261 0.535526 0.396607 0.097063 0.059507 0.086306
 1.057213 10.631838 12.529097 0.156993 1.649484 0.455792 0.437755 0.006267 0.015358 2.701470 0.101496 0.215278 0.028231 0.065097 0.006774 1.770299 2.006092 0.023340 0.071841 0.758774 6.303264 0.138274 0.468724 0.656957 5.546641 0.054173 0.187240 0.029187 0.446644 0.137064 0.032963 0.036125 0.700158 0.219906 0.016569 4.190128 5.792810 0.058373 0.274145 0.907364 9.248787 0.145432 0.792044 0.768166 7.115060 0.080313 0.424448 0.117193 1.550421 0.702118 0.161867 0.113843 2.037113 0.823840 0.042485 1.842639 17.565341 6.276229 0.173645 0.110738 0.056032 1.086771 0.157112 0.003196 0.006648 0.001943 2.359022 0.134129 0.085301 0.045492 0.022408 0.010619 0.007090 0.000922 0.000386 0.000159 3.229239 0.522323 0.012928 0.020961 0.005701 1.748703 4.390161 0.166390 0.106546 0.052708 0.467501 6.096414 0.052128 0.027430 0.015552 0.015283 0.617894 0.110983 0.004490 0.001881 0.032748 0.404870 0.054626 0.004351 0.000788 0.010448 0.240537 0.038600 0.002004 0.000852 5.552604 1.020350 0.040377 0.040806 0.009831 1.785824 5.039671 0.167412 0.106821 0.052877 0.686976 9.379008 0.076617 0.051126 0.025409 0.069494 2.238097 0.512777 0.020446 0.008119 0.179152 1.907098 0.349836 0.021645 0.004236 0.074097 1.557558 0.308803 0.011691 0.006232 1.432078 2.786622 4.859691 0.091921 0.161732 0.247713 1.567643 0.000000 0.025624 2.088904 0.022127 0.028503 0.067681 0.087876 0.001098 1.214411 1.445346 0.055082 0.049789 1.223629 0.133161 0.175450 0.177769 0.199125 0.011126 1.457421 1.639124 1.391650 0.301881 0.104848 0.178090 0.454797 0.013321 0.000000 0.000000 0.000000 0.472904 0.108137 0.045462 0.069937 0.007494 0.022867 0.009476 0.000000 0.000000 0.000000 0.353279 0.345820 0.069415 0.100030 0.065092 0.344410 0.065047 0.055652 0.033892 0.059978 0.039728 0.032608 0.011013 0.009341 0.007808
 0.685460 3.145714 0.272009 0.297022 0.235307 0.394681 0.005717 0.035124 0.004224 0.129267 0.208273 0.059803 0.005491 0.003297 0.006315 1.114735 0.023340 0.099809 0.016954 0.646870 0.210035 0.287129 0.092828 0.021269 0.397276 0.018399 0.013489 0.153805 0.812957 0.023809 0.025878 0.017048 0.236981 0.011228 0.022421 1.787637 0.068259 0.169490 0.048637 0.663727 0.233622 0.288669 0.124161 0.080433 0.896383 0.060112 0.048576 0.396247 1.678362 0.064513 0.063471 0.064010 0.706862 0.039004 0.066384 0.129840 2.506850 1.958493 0.019548 0.013764 0.007017 0.073504 0.028882 0.000281 0.000282 0.000167 0.464004 0.013574 0.010586 0.004351 0.004731 0.002064 0.002373 0.000054 0.000036 0.000017 0.267543 0.130195 0.001199 0.001072 0.000642 0.110259 0.936334 0.017387 0.012711 0.005277 0.053378 1.061838 0.009473 0.004043 0.003543 0.001413 0.066732 0.024579 0.000266 0.000178 0.001464 0.050625 0.011045 0.000271 0.000088 0.000911 0.023353 0.012974 0.000190 0.000092 0.662301 0.410557 0.003821 0.002711 0.001847 0.112331 1.202824 0.017708 0.012788 0.005502 0.074421 1.513476 0.012449 0.005946 0.004961 0.008400 0.316323 0.143749 0.001375 0.000896 0.009351 0.227680 0.086576 0.001592 0.000576 0.007543 0.167722 0.109531 0.001307 0.000694 0.722209 0.329809 0.055865 0.530593 0.058976 0.391688 0.001446 0.000000 0.001474 0.023954 0.220917 0.022857 0.002577 0.000651 0.002697 0.279906 0.061755 0.351111 0.058844 0.056011 0.218403 0.034927 0.032689 0.006509 0.050819 0.083458 0.268399 0.362802 0.029059 0.016910 0.012913 0.017295 0.027421 0.000000 0.000000 0.000000 0.101930 0.009356 0.006748 0.005678 0.003450 0.000757 0.002524 0.000000 0.000000 0.000000 0.044955 0.054291 0.002512 0.002355 0.001988 0.021045 0.008671 0.005977 0.005371 0.008938 0.006138 0.005680 0.000978 0.000702 0.000520
 0.688592 6.336875 1.228011 0.126355 7.229850 0.324907 0.015316 0.004363 0.235318 0.379555 0.084445 0.553294 0.003725 0.124979 0.020978 1.175097 0.071841 0.016954 1.055657 0.449965 0.681670 0.109746 1.292741 0.044971 1.045051 0.012748 0.541679 0.019944 0.360730 0.017938 0.104376 0.332165 1.489886 0.182854 0.037452 2.523347 0.262420 0.042822 3.040736 0.483501 0.838528 0.114079 2.696581 0.133931 2.084320 0.037581 1.784955 0.073923 1.158158 0.085955 0.546745 0.445493 2.791701 0.275529 0.064323 0.346100 9.932744 5.148570 0.093449 0.075087 0.013734 0.235726 0.019637 0.001099 0.001987 0.000489 1.765220 0.070425 0.056480 0.009931 0.015830 0.011713 0.002967 0.000439 0.000154 0.000060 0.782889 0.087958 0.004557 0.007848 0.001627 0.334401 3.534119 0.087343 0.071994 0.012567 0.056420 4.019362 0.032423 0.027018 0.005859 0.005208 0.333902 0.080681 0.002231 0.000708 0.009485 0.269111 0.060892 0.002033 0.000293 0.002648 0.053630 0.016233 0.000822 0.000330 1.782757 0.375189 0.013008 0.019841 0.003489 0.336175 4.151199 0.088619 0.072469 0.012854 0.112911 5.644388 0.044411 0.042099 0.008273 0.024432 1.297449 0.427476 0.011713 0.002498 0.040657 1.166187 0.367438 0.009270 0.001408 0.020454 0.414757 0.139781 0.005481 0.002803 0.921495 0.790853 0.193311 0.097416 2.251403 0.322493 0.000506 0.000000 2.089450 0.036176 0.030612 0.677682 0.000031 0.361373 0.103805 0.512274 0.046912 0.054041 0.882957 0.134984 0.048847 0.393824 0.008985 0.218522 0.120332 0.320599 1.697330 1.648804 0.153222 0.160929 0.029902 0.140623 0.003052 0.000000 0.000000 0.000000 0.530880 0.070068 0.060637 0.011094 0.017452 0.004659 0.001560 0.000000 0.000000 0.000000 0.061762 0.057415 0.010483 0.023589 0.008444 0.076743 0.039032 0.040659 0.026653 0.040024 0.034556 0.027632 0.006084 0.003248 0.004264
 22.840219 68.736217 7.791755 1.462548 5.673427 13.084422 0.188143 0.268885 0.124549 3.421822 0.985107 1.242167 0.034797 0.079557 0.034751 33.121848 0.758774 0.646870 0.449965 21.575154 5.940272 1.398432 2.046466 0.592648 9.293436 0.114911 0.280557 1.285829 4.295371 0.165403 0.160608 0.499775 4.539284 0.263122 0.103555 45.003969 2.042713 0.894020 1.102135 22.123541 6.663455 1.415403 2.811731 1.933126 17.923041 0.321178 0.905469 5.068237 13.750580 0.737426 0.670405 1.772560 12.930771 0.909245 0.292533 2.928185 55.610721 47.029844 0.428084 0.354373 0.152966 1.634629 0.501109 0.006376 0.007637 0.003707 8.437577 0.298839 0.253603 0.100096 0.099420 0.071849 0.045628 0.001622 0.000850 0.000344 5.226148 2.268527 0.028137 0.029449 0.012804 2.470504 16.657719 0.380230 0.307806 0.123550 0.855309 19.360423 0.190288 0.131219 0.073556 0.031205 1.453522 0.517777 0.008063 0.004180 0.038669 1.210474 0.379600 0.008075 0.001740 0.020196 0.527941 0.249528 0.004443 0.001856 11.621807 7.665035 0.094777 0.078350 0.030199 2.506916 20.288439 0.385723 0.308639 0.126884 1.367266 28.370235 0.255708 0.201963 0.098064 0.158916 6.852890 3.159558 0.042773 0.019760 0.226660 5.492844 2.581675 0.045571 0.010203 0.167729 3.432352 2.149173 0.027636 0.014310 30.383332 8.363669 1.878476 1.300754 1.356549 15.078843 0.091947 0.000000 0.020775 0.932694 0.449325 0.652649 0.001839 0.003971 0.001166 4.847001 2.863537 3.023445 2.705591 1.468900 0.954400 0.575966 0.110458 0.146452 0.122330 2.306042 6.788406 10.944717 0.526286 0.566845 0.485357 0.805788 0.672200 0.000000 0.000000 0.000000 2.223990 0.186637 0.213120 0.178783 0.086539 0.321012 0.031687 0.000000 0.000000 0.000000 0.587208 0.605987 0.069265 0.098906 0.065860 0.400563 0.169498 0.171641 0.125278 0.171259 0.170615 0.131371 0.025834 0.016787 0.022625
 6.635607 269.085238 235.722284 3.220527 37.289921 3.848654 1.301277 0.058092 0.139882 82.433070 2.226993 6.002439 0.481144 2.028974 0.136064 14.528704 6.303264 0.210035 0.681670 5.940272 180.030839 3.011311 12.748671 2.382746 161.607005 1.089717 5.105783 0.269427 9.695900 2.386726 0.658953 0.349631 19.027926 7.297089 0.333457 45.033096 28.128608 0.648158 3.563009 6.284312 214.705347 3.072755 19.334740 3.044195 194.683218 1.639387 9.509450 1.028698 34.390921 13.354819 3.294817 0.996139 50.504041 23.675362 0.827892 25.750755 379.535032 135.297180 6.569634 3.929472 0.871520 16.972581 1.262724 0.107850 0.093839 0.042202 50.136951 4.970282 3.115704 0.677751 0.756646 0.342358 0.125118 0.038867 0.008467 0.004594 53.374718 4.676598 0.452373 0.326505 0.137885 24.808983 93.553267 6.328227 3.805595 0.824955 4.147265 126.041382 1.695951 0.912901 0.274966 0.489341 21.365896 3.660125 0.175386 0.038100 0.463030 14.068774 1.700402 0.189272 0.021942 0.226137 3.603149 0.679155 0.045133 0.024574 100.992404 15.228942 1.378560 0.749382 0.246103 25.019297 108.832964 6.383037 3.799534 0.834589 9.348786 202.307824 2.523451 1.683103 0.449117 1.822786 67.272520 15.479759 0.734603 0.142689 2.499778 53.353505 9.600922 0.952518 0.101923 1.535765 24.339261 5.399891 0.316051 0.179375 3.763553 100.316146 128.244864 2.412940 5.596422 0.663116 1.938461 0.000000 0.001262 63.953856 0.874054 0.969565 0.336968 0.825195 0.004503 5.018164 5.887295 0.196534 0.361848 10.632228 3.498732 6.759052 4.727041 7.275792 0.382426 26.414821 45.486264 40.876146 12.552343 6.463090 2.327932 10.445654 0.245403 0.000000 0.000000 0.000000 14.515227 4.965329 2.889799 1.044845 0.645212 0.532546 0.154946 0.000000 0.000000 0.000000 3.708128 3.620838 1.686360 1.131498 0.657495 4.641284 3.051642 1.713940 0.860861 2.540275 1.790214 0.833685 0.709005 0.465123 0.343651
 1.464579 39.062107 3.897877 5.570223 3.876471 0.955706 0.029912 0.077030 0.023632 1.872579 4.118288 1.035437 0.105095 0.056077 0.123288 3.349425 0.138274 0.287129 0.109746 1.398432 3.011311 5.448494 1.649688 0.094683 5.796966 0.414952 0.219111 0.315603 14.082724 0.404883 0.487108 0.079175 3.881007 0.178761 0.450410 8.627156 0.571659 0.918774 0.477567 1.417384 3.320383 5.434167 2.194378 0.264556 12.468201 1.230778 0.751677 0.729034 23.512057 0.941835 1.136789 0.243467 10.460894 0.567919 1.335477 1.674582 31.916906 19.760741 0.234900 0.221970 0.062163 1.077359 0.239959 0.004370 0.006416 0.001251 4.998759 0.162478 0.178598 0.039641 0.049464 0.024765 0.019994 0.001021 0.000390 0.000207 3.876412 1.024273 0.018053 0.023234 0.004591 1.553040 9.910192 0.209125 0.213587 0.051048 0.508674 11.377185 0.088197 0.058925 0.031553 0.020817 0.742904 0.257548 0.004725 0.001842 0.032848 0.873395 0.129787 0.005149 0.001052 0.006791 0.213221 0.108538 0.002096 0.001120 8.566050 3.499925 0.053413 0.050418 0.012796 1.580651 11.992481 0.212493 0.213781 0.053563 0.788736 16.469579 0.119300 0.097010 0.039986 0.113232 3.053942 1.574278 0.020742 0.008130 0.181914 4.141604 0.876699 0.028505 0.006204 0.054036 1.558278 0.854505 0.015267 0.008531 1.264419 3.960136 1.294187 12.730173 1.445553 0.689276 0.002233 0.000000 0.001057 0.649876 6.480577 0.754973 0.006384 0.003145 0.061534 0.514829 0.125643 1.174761 0.131416 0.677463 1.861402 0.610178 1.354784 0.121203 1.326612 1.557476 4.316202 5.044912 0.415687 0.369895 0.169750 0.576297 0.150164 0.000000 0.000000 0.000000 1.428661 0.185072 0.159679 0.050500 0.051057 0.007845 0.048693 0.000000 0.000000 0.000000 0.482142 0.484321 0.048418 0.045770 0.035303 0.381608 0.110354 0.105714 0.077847 0.101437 0.107981 0.077981 0.017474 0.012295 0.008909
