 909.494162 387.471187 340.001672 242.628113 256.009671 74.413027 60.165745 46.718506 52.085663 39.977855 29.114654 30.426685 19.522884 22.998018 16.024730 151.325880 124.312723 96.672617 102.363747 210.957854 104.548579 76.134664 77.886280 166.503285 101.133272 53.310617 59.513298 129.299666 75.191927 51.414227 42.392186 147.401440 80.559873 60.933721 42.219600 202.080802 166.153762 128.452190 132.282239 376.458852 176.991140 130.084085 129.951324 302.076128 171.289345 95.680936 103.747429 236.350069 127.278441 93.977740 74.308344 270.459872 142.052371 108.773107 75.776705 281.314216 587.723906 356.456899 338.404585 287.005114 284.700082 45.065104 34.094476 20.487570 16.523994 10.567474 52.764190 51.484495 32.515435 65.764786 28.017856 21.253415 26.837553 11.906273 8.300698 6.703556 117.634797 85.839399 54.880761 47.099144 29.623890 110.603955 139.378248 135.720978 84.778218 167.387498 83.622791 139.907253 75.667615 54.072361 71.627192 51.858425 119.795407 66.036691 31.325290 24.371256 39.113782 81.264551 52.755793 32.774076 19.802239 25.719712 147.016181 65.818398 23.260298 19.005855 206.485573 140.816142 99.387043 86.912444 62.378009 167.761664 228.420008 219.122506 135.869040 239.005990 128.049677 242.518960 128.635680 89.624066 120.818314 90.815546 192.835862 106.685319 62.321897 53.622579 67.361552 139.840706 89.765481 63.036019 44.976319 45.417416 214.258142 101.226429 51.038022 43.104082 298.909529 45.500688 43.526678 39.524015 40.134154 93.987892 92.522840 84.041814 88.204970 2.956775 3.221601 2.888302 2.300503 2.191184 1.467014 35.627101 35.629536 35.362588 35.636629 10.735991 10.412727 9.986425 8.493606 8.329149 7.700653 70.291243 100.852394 63.348226 96.781644 113.030017 109.847676 26.351748 19.768239 19.358491 17.417630 9.585650 26.735041 28.799417 22.764909 45.255436 30.205516 19.034756 24.060080 13.033098 9.225836 7.774356 14.097611 12.634746 13.404643 12.610097 19.062759 14.376286 14.765512 12.723124 20.806767 14.801954 11.108372 18.287818 11.631348 17.556364 14.923642
 387.471187 1143.471971 489.642881 351.417141 363.547071 77.100774 34.268335 27.128538 26.514263 95.829461 77.830855 79.803085 29.313048 36.661698 24.325185 208.156544 90.088919 69.976071 66.500860 167.268758 210.065591 167.169432 168.964197 87.353762 259.105822 79.027181 93.839402 70.012970 208.108548 78.080521 61.892904 70.738842 220.017688 97.122153 64.686730 371.455646 156.955069 120.663629 112.486822 234.071492 305.754915 232.388083 233.076942 150.879648 462.919349 141.045321 158.338253 119.188941 357.427718 143.478692 104.850769 125.483009 398.127554 171.099978 115.098202 493.665919 724.162738 542.092433 427.545507 294.375026 253.708633 67.559602 54.219258 32.743401 23.336884 7.865625 73.230691 67.608097 42.535056 61.951841 39.148932 32.253369 33.317621 16.679340 6.993285 5.858366 165.798993 133.829749 82.494217 60.674454 23.642484 171.401525 193.703414 172.736434 110.298427 155.661613 134.793653 190.072492 101.392113 79.875124 84.235722 87.655146 162.011834 97.974025 44.175384 18.787560 58.904701 105.994608 81.501810 45.041819 18.402044 22.135216 144.444026 83.162601 23.565946 17.376220 269.869586 210.713491 137.509671 104.853433 54.402743 269.324780 319.104470 266.444252 172.918846 219.050062 215.616294 318.442784 167.578598 127.341732 131.190953 153.934586 256.558618 162.996862 81.248409 41.192639 103.345218 183.137960 138.393649 85.722392 44.536621 55.649829 227.685662 135.249674 60.260855 43.163161 68.282897 298.871887 73.117058 72.676037 70.072123 92.814007 6.388609 6.111990 5.130060 94.070600 93.870768 93.637085 6.914230 6.372181 5.513988 35.678109 16.149974 15.890482 15.936369 35.675659 35.703202 35.667125 16.482571 17.111423 14.683598 165.275416 127.797412 126.216202 141.439778 95.690480 98.570832 46.994128 43.513200 32.275144 27.617093 7.460097 41.573391 39.357200 33.348827 40.543240 40.020049 33.716465 33.040830 17.612636 6.818832 6.261129 23.625962 24.013970 22.966952 18.959631 14.370396 22.723636 21.507156 18.051234 21.752478 23.605553 19.961183 22.349682 17.698615 13.704960 12.294414
 340.001672 489.642881 1067.107436 304.301695 330.836811 37.727778 61.980232 21.655989 22.314735 96.860969 38.418245 41.092267 51.676506 65.608889 20.976946 96.639264 169.560539 55.833817 56.318889 97.980071 275.491746 99.242027 104.573830 128.966963 199.716780 111.712986 136.798343 56.089253 97.473036 144.700739 53.683728 58.619350 107.022865 183.252584 55.982691 165.365230 305.050490 97.478275 97.327032 163.769430 506.514312 168.125790 173.888939 177.241188 276.994710 158.718381 187.765222 97.391303 162.292273 278.459401 93.295398 104.537955 185.462297 337.823659 99.253079 409.785475 659.307218 552.595311 384.234794 335.167051 190.800667 55.781739 47.214128 29.398125 23.131828 8.056042 68.109893 61.848911 49.088668 49.272365 31.161467 36.554910 27.995047 18.591802 8.428949 7.852242 141.943833 118.212123 73.851466 61.150379 23.316114 140.707829 179.545671 158.713211 127.077633 120.059645 117.297499 175.109048 82.047186 89.916432 67.638082 76.481667 148.014262 80.468799 48.968315 20.992060 61.012753 119.932364 90.272973 50.343974 21.086563 21.609958 124.760586 76.207950 29.186564 25.235759 241.732570 193.842335 124.462988 110.965177 47.455486 222.792426 296.325978 244.855977 198.581268 163.249432 187.579720 293.477843 144.519940 140.701418 100.985842 130.296977 236.228191 143.897782 91.428834 39.176678 107.736847 193.496631 148.152022 91.279467 40.341172 49.654292 203.717497 134.860084 69.352497 59.961867 54.756969 62.612476 298.890922 49.143511 55.396361 4.155259 91.944047 3.077258 3.296279 94.647742 4.893445 4.937398 85.338688 93.026296 3.756208 13.402110 35.637625 10.397973 11.102589 35.671364 13.671003 14.568876 35.595788 35.682314 11.376820 117.342390 110.842686 144.840866 114.933290 119.506658 77.566813 33.817453 39.832406 33.194723 26.385541 7.505479 40.731136 38.059969 38.759109 26.663272 28.784351 41.131066 24.966319 23.581296 10.218979 8.105517 19.138070 20.563644 20.263046 21.378153 13.796317 20.719203 19.607014 22.484855 19.895014 19.123289 22.906711 19.394081 21.099001 16.805770 20.967692
 242.628113 351.417141 304.301695 786.784989 227.065242 26.849591 20.081601 43.298451 15.021103 35.861373 70.524117 26.810482 48.541755 21.620592 43.059381 69.893910 52.450706 120.378285 37.801068 70.615421 94.929541 201.813775 69.173464 52.377367 91.800082 141.179434 55.895481 88.551202 141.413780 99.172785 86.034933 40.148759 71.064737 57.482096 121.682523 120.846518 92.602685 224.959858 65.314010 119.854458 165.827863 368.182977 116.076555 91.632508 156.663206 267.961058 96.758047 116.678685 183.117034 134.887337 110.966424 73.288350 126.966301 102.459027 225.363594 320.833819 482.117135 417.043224 260.002330 287.354436 144.846271 41.728491 41.687488 20.029288 20.805360 4.620663 48.781464 38.662674 38.671629 39.020965 22.255095 30.838496 22.010342 14.964884 3.648557 4.047003 103.171119 104.588935 50.726385 57.012464 13.307230 110.938237 133.414252 101.294601 102.241121 91.893672 100.950781 124.314838 56.334374 74.360238 51.836990 51.439686 93.734768 59.281999 41.032038 10.174272 50.840313 93.378820 76.064863 37.885898 11.859299 14.823984 94.349978 58.408527 11.964716 13.938527 174.444782 168.681164 85.649423 100.315627 30.334156 183.599311 231.763644 160.441031 167.408936 123.911925 156.754045 208.539332 96.333772 113.602272 76.193302 92.954658 154.807744 106.582421 78.027266 23.054472 84.012084 150.310251 122.499459 62.816255 25.783903 39.585044 149.249775 98.395207 32.904178 39.115207 36.683573 44.582391 36.948341 298.875359 34.500917 3.111142 2.293821 83.898488 2.127031 3.249887 93.695746 1.997937 84.946430 2.148605 85.558946 9.956748 8.315317 35.548140 6.699692 10.666772 35.625567 9.107406 35.555191 8.270772 35.622179 74.329914 68.270287 82.469508 66.190944 90.732473 51.460792 20.692676 32.256215 17.052884 24.396222 2.969112 24.828597 17.781169 29.248732 23.266480 20.630234 28.913309 22.833732 18.955429 3.477420 2.072886 12.182593 14.289688 10.216879 15.966168 8.227462 12.741212 10.454674 14.987509 11.577038 11.055387 16.257846 13.857684 14.883777 5.674856 7.008994
 256.009671 363.547071 330.836811 227.065242 809.398536 27.796792 20.723196 14.520169 46.778831 37.420191 27.043465 72.402155 18.635512 59.397378 41.648571 70.523758 54.333854 37.649123 125.915009 73.292535 99.878720 70.841186 202.789881 53.858171 94.617692 50.596672 164.686966 38.620974 68.235520 49.265943 113.401990 97.521513 148.312791 123.868344 86.762429 121.371402 97.146281 67.512904 224.518179 124.920835 173.157431 119.801117 362.818863 94.867054 160.843833 90.720704 297.786903 69.554181 113.211267 90.275410 203.830056 130.344843 199.302539 168.772823 116.568603 324.847979 582.413836 366.070319 313.807597 261.481898 138.235673 53.042275 33.027830 27.051401 18.413323 4.650121 50.829562 61.397107 42.523114 33.882068 27.986830 23.694252 14.614212 17.645448 4.944598 3.471093 130.219915 84.167765 68.231297 48.861324 13.569916 134.342475 131.486747 153.822240 106.685101 85.801882 83.310292 134.590873 73.439221 58.161031 38.156766 70.912275 149.995118 70.297417 48.718395 13.204464 46.433929 104.764847 61.516823 44.046533 10.293471 13.517215 80.293511 38.690116 16.686096 11.661067 211.987874 137.745970 114.121730 84.058467 30.317853 205.096489 214.007032 228.557187 162.211731 120.343700 137.766076 235.800128 126.052547 96.657622 62.507838 119.479023 235.089180 113.092810 88.341723 26.687248 83.317798 172.760394 104.524559 74.147411 23.440630 36.116183 137.998527 71.045788 44.409448 33.835987 40.367018 47.432552 46.517000 38.781069 298.896457 3.431701 2.350679 2.370447 86.741657 4.074992 3.318441 93.039278 3.000150 91.761742 81.203848 10.335931 9.267546 7.300816 35.624720 12.250214 9.587501 35.670169 8.872843 35.606344 35.616752 71.761019 91.237213 82.125196 79.654371 80.040383 45.553887 30.143996 19.829939 28.118760 21.783515 3.679663 26.131835 34.802246 31.478424 19.071573 24.759852 21.604409 12.699042 19.617545 3.458934 2.186112 14.955764 12.497952 17.148482 13.885951 6.543067 13.439664 17.665646 15.753279 9.968705 15.413817 13.765888 8.910738 17.887260 9.058051 6.805257
 74.413027 77.100774 37.727778 26.849591 27.796792 16.541905 5.123099 4.270922 4.190430 6.496610 4.868114 4.926097 2.108079 2.624620 1.745577 36.659628 11.881209 9.776300 9.293869 38.648177 15.421295 11.533939 11.586108 14.424120 17.778167 5.848935 6.848530 11.802469 13.480069 5.733218 4.688341 12.064905 13.906570 7.123174 4.695415 48.056851 17.000912 13.593278 12.832253 52.471483 23.139062 17.017527 16.996409 27.104886 32.256836 10.590940 11.760475 21.265673 24.163462 10.699107 8.173025 22.591901 25.971333 12.749181 8.526730 35.865798 68.502395 41.167916 42.250895 27.801474 28.299486 5.713531 4.027252 2.467260 1.649788 0.659487 5.718956 5.952793 3.552945 6.278411 3.278968 2.684890 2.628051 1.497644 0.670269 0.693224 14.174078 9.704980 6.276888 4.611673 2.030808 14.197942 15.066046 15.391356 9.301564 16.668592 10.358149 15.172802 8.552620 6.594546 6.914741 6.571764 14.242943 8.017460 3.900564 2.023334 4.125082 8.922506 6.626521 4.022253 2.149656 1.750277 13.578667 6.293524 1.984987 1.792020 23.938130 15.579119 11.167713 8.692868 5.096881 21.782164 25.326675 24.542072 14.864691 24.479332 16.646179 26.156158 14.317422 10.557645 11.805896 11.500506 22.913988 12.847715 7.114794 4.737926 7.456232 15.996481 11.115071 7.606081 4.859687 4.243655 20.720034 10.032263 5.012771 4.040776 23.072367 15.020810 3.908572 3.835037 3.539225 29.504562 2.708274 2.514275 2.197058 1.407316 1.504671 1.340006 0.050733 0.043267 0.045221 8.983534 3.984103 3.776417 4.041479 2.498665 2.529516 2.429692 0.725052 0.707429 0.720528 9.313130 13.411585 7.227133 15.252500 9.037134 10.352134 3.953877 2.952574 2.189754 1.138589 0.566939 2.887362 3.409382 2.527142 4.500760 3.412006 2.909186 2.081460 1.769020 0.892645 0.686350 1.764000 1.624522 1.628730 1.158844 0.898945 1.570293 1.796085 1.246899 1.754345 1.769476 1.313258 1.430301 1.476700 1.501372 1.395721
 60.165745 34.268335 61.980232 20.081601 20.723196 5.123099 13.545708 2.893497 2.989154 5.633164 2.454450 2.571538 2.755564 3.214972 1.303052 11.709210 30.360176 6.717228 6.729893 14.620177 16.090070 6.465092 6.599745 30.314809 12.863940 6.714053 7.495864 8.171502 6.389166 7.905617 3.483173 8.526759 6.960682 9.079054 3.514177 16.556264 39.183891 9.565800 9.410004 26.115930 29.296052 10.933810 10.858644 39.813891 18.640332 10.199401 10.973260 15.144917 10.859495 15.490095 6.085266 16.426001 12.467484 17.509806 6.354488 29.128621 50.909164 34.699361 32.075946 27.186978 23.219040 3.985337 3.365109 2.144458 1.613267 1.333448 5.228440 4.981581 3.455191 5.382491 2.299940 2.317936 2.745946 1.315695 0.675777 0.884055 10.303517 8.208962 5.564581 4.559176 3.472529 10.107599 13.891287 13.184023 9.001230 13.617973 8.458868 13.545910 6.346131 5.933955 6.828024 5.305751 11.367617 5.647215 3.484537 1.905371 3.921883 8.627165 5.563084 3.623340 2.549229 2.917414 12.593830 6.923359 2.225618 2.405376 17.875262 13.202054 9.486693 8.293035 6.124442 15.690502 22.623994 20.994805 14.040061 18.955221 13.021631 22.889579 11.584481 9.622903 10.294476 9.073731 17.978032 9.649556 6.872701 4.227575 6.531111 14.067540 9.024676 6.912272 5.061524 4.777060 18.672737 10.502763 5.207410 4.763808 17.640098 3.093148 14.647229 2.602231 2.289987 1.696077 29.117147 1.375524 1.369097 1.216766 0.050228 0.034066 0.997294 0.890010 0.020960 3.256576 8.975186 2.600204 2.615783 2.686764 0.653561 0.578846 2.031707 1.938678 0.479053 7.489511 6.702009 5.930168 7.840114 9.693916 8.370070 1.690336 2.325572 2.174004 1.334938 1.278391 2.382743 2.645797 1.722600 2.740060 1.933904 1.822450 2.096697 1.686070 0.435124 0.929240 1.166584 1.188164 1.209018 1.280352 1.760292 1.328997 1.269823 1.371946 2.004222 1.139832 1.200932 1.682769 1.267221 1.080727 2.188302
 46.718506 27.128538 21.655989 43.298451 14.520169 4.270922 2.893497 10.356976 2.197522 2.816613 4.087764 1.768570 2.511961 1.382351 1.903409 10.036409 6.773438 23.070418 4.847560 12.109343 7.186459 11.871862 4.623162 8.269803 7.405931 7.511137 3.646484 23.253526 9.465316 5.893250 4.466517 6.496584 4.907262 3.814589 5.556359 14.067616 9.690783 29.464832 6.741196 22.051682 12.015171 22.154601 7.700494 15.757628 12.491291 14.941602 6.348915 29.874713 13.626159 8.809901 6.417607 12.885445 9.146798 7.004497 11.264052 18.716298 40.080165 27.215927 25.994632 24.503361 16.811272 2.770090 2.178413 1.090980 1.528494 0.387499 3.606425 2.733910 2.801458 4.377439 1.997117 2.191995 1.916222 0.825083 0.281044 0.372243 7.298149 5.768690 2.988043 4.493821 1.224181 6.925967 9.872452 7.393161 7.418541 10.743814 5.381916 9.455431 5.253084 5.467120 4.921409 2.782542 6.417691 4.603968 2.360555 0.835514 3.400855 6.690235 5.209203 2.119974 1.119189 1.095283 9.917640 4.802437 0.902408 1.179764 13.101217 10.258023 5.699899 8.410789 3.017544 10.783328 17.036265 12.221071 12.337245 14.750854 8.580318 16.341512 8.627415 8.488248 8.076134 5.217881 10.860214 7.612536 5.093663 2.341307 5.345451 10.894173 8.064883 3.956971 2.554019 2.349275 14.530956 7.473285 2.671275 2.998711 11.874801 2.360777 1.962614 12.707462 1.422043 1.285712 1.023242 25.820795 0.970872 0.024928 1.335575 0.023496 1.018991 0.018757 0.632960 2.369969 2.067887 8.909677 1.640249 0.527369 2.544042 0.405671 1.953460 0.373433 1.647259 3.594769 5.684776 4.306959 9.913899 8.074327 5.618061 1.185804 1.203613 0.859726 1.640095 0.176464 1.414170 0.930029 1.769192 2.912345 1.998692 2.154928 1.803885 0.652853 0.267626 0.114240 0.721809 0.757780 0.510237 1.097483 0.661940 0.868819 0.607551 0.961589 1.128004 0.765178 1.146521 1.159550 0.641339 0.358730 0.736626
 52.085663 26.514263 22.314735 15.021103 46.778831 4.190430 2.989154 2.197522 11.556700 2.534261 1.809401 4.129486 1.228098 3.052593 1.916122 9.366969 6.872114 4.912997 24.761830 12.227405 6.788850 4.824651 11.777797 8.627551 6.574660 3.416191 8.751258 6.483681 4.789724 3.356672 5.563078 26.585616 9.552755 7.078046 4.530693 13.073459 9.832447 6.978683 31.149291 23.012272 11.636214 8.236887 21.885722 16.987512 11.402301 6.180902 16.864188 12.997424 8.245848 6.255407 11.004630 34.507890 13.696596 10.299507 6.729212 22.915190 44.266011 27.830972 29.184101 21.205749 17.312571 3.767653 2.324836 1.857326 1.724215 0.451042 3.937272 4.493966 2.575458 3.529670 2.828445 1.671418 1.351021 1.057705 0.646952 0.403148 9.369916 6.081631 4.996136 4.764251 1.400483 9.520212 10.568573 12.244640 6.703009 9.515442 5.725740 10.233056 7.843352 4.043911 3.510124 4.767009 10.239539 6.241453 2.619595 1.750904 3.858600 6.458980 4.322723 3.052532 1.152941 1.228365 7.688737 3.578641 1.738556 1.235301 15.769723 10.324848 9.306673 8.140732 3.399431 14.410247 18.052941 20.287803 10.900526 14.446387 9.304681 17.509908 13.242192 6.756815 6.087717 8.600695 16.527198 9.502309 5.161948 3.830825 6.308061 11.066481 7.499160 5.927892 2.635249 2.769360 12.000613 6.349403 3.890678 3.148040 14.167637 2.498486 2.117748 1.729991 13.112283 1.395998 1.094554 1.184046 27.142794 0.035390 0.034653 1.222235 0.025609 1.055564 0.670733 2.651040 2.239559 1.839359 8.969603 0.511135 0.489425 2.456537 0.411924 1.998129 1.830922 4.600204 6.593238 4.408392 6.356836 6.128222 6.018593 1.860719 1.031777 2.011242 2.498491 0.263875 1.979628 2.341201 1.517449 2.210510 3.186129 1.282576 1.002450 1.156660 0.804204 0.443390 0.962555 0.778530 1.149718 1.078580 0.735764 0.921763 1.161719 0.873440 0.907507 1.348500 0.672240 0.767755 0.923523 0.920199 0.931663
 39.977855 95.829461 96.860969 35.861373 37.420191 6.496610 5.633164 2.816613 2.534261 20.476615 6.362287 6.704082 4.996304 6.215872 2.375354 17.773051 15.762247 7.268187 6.497296 15.328536 48.252368 15.014898 15.634662 12.962888 45.962049 11.899315 14.206532 7.282781 17.382669 14.190065 6.219806 6.871865 18.776162 17.751095 6.393454 31.754932 28.889609 12.366796 11.225919 22.596829 68.011439 22.390129 22.813266 19.080410 62.354767 17.888717 20.414922 12.354225 30.867249 27.191030 10.828965 12.395036 34.489786 33.303740 11.401367 50.080934 78.874706 62.398486 48.668090 39.901766 26.025866 7.024874 5.903329 3.558072 2.781295 0.943469 8.201373 6.921477 5.157261 6.931645 3.899907 4.242527 3.804453 2.175242 0.813001 0.736067 17.389059 14.412375 8.943988 7.446462 2.795253 17.973923 21.823700 17.914790 13.394611 16.760893 14.797488 20.901590 10.186754 10.644615 9.432576 9.329675 16.653964 9.862990 5.733302 2.155078 6.985795 12.748307 10.247525 5.894953 2.137458 2.605048 16.718915 9.885835 2.803594 2.390979 28.813876 22.969018 14.763703 13.293809 6.217748 28.660818 35.983356 28.068874 21.545294 22.696582 23.826181 34.864843 17.536546 16.924119 14.475240 15.950752 26.718672 17.023438 10.813798 4.508639 12.130376 21.083817 16.860652 10.737409 4.737072 6.047116 25.407815 15.889517 7.083933 6.074517 4.915535 19.940453 25.002273 5.334094 5.417853 1.993972 2.875456 0.079866 0.053682 29.869884 2.192347 2.140196 3.095950 2.818512 0.083942 3.180753 4.165148 0.961401 0.975066 9.008004 3.477940 3.665652 4.106820 4.416826 0.935833 13.665303 13.844031 14.390702 16.645211 13.706467 10.266154 4.055952 4.917825 3.546021 3.421935 1.098315 4.548215 3.457607 3.926963 4.327801 3.765774 5.147515 3.646654 3.007329 0.677442 0.575625 2.252725 2.422434 2.411869 2.250950 1.584024 2.327609 2.024461 2.177206 2.493770 2.174247 2.392381 2.634914 2.338451 1.438006 1.680503
 29.114654 77.830855 38.418245 70.524117 27.043465 4.868114 2.454450 4.087764 1.809401 6.362287 16.654197 4.696769 4.791107 2.607203 3.916442 13.627433 6.628788 11.629288 4.663912 11.551366 15.206373 38.553562 11.044875 6.406452 17.656244 14.198537 6.842633 9.300819 37.058729 10.979648 8.632314 4.954443 13.402404 7.086053 11.474412 25.318131 11.855455 22.010669 8.101772 17.167595 23.347667 52.590451 16.382193 11.253180 32.333025 27.293624 11.855720 13.002953 47.763141 15.983035 11.858790 9.117467 26.011024 12.847825 22.281542 41.898735 63.681574 50.559124 35.600546 30.094099 21.097259 5.191766 4.644091 2.396172 2.298151 0.568338 6.096248 5.165152 4.421801 5.236109 2.681050 3.086643 3.239169 2.060745 0.476834 0.457062 12.831148 11.307762 6.147804 6.163435 1.709972 13.382044 16.244343 13.464344 11.708734 12.709011 11.398273 15.676690 6.804610 7.570204 7.728081 6.053430 12.364891 7.092275 5.295747 1.328243 5.523681 10.448053 7.736814 5.130579 1.406674 1.708292 12.490151 8.165727 1.644784 1.480658 22.147081 18.551415 10.802920 11.127306 4.166329 21.725877 27.971815 21.821560 18.768914 17.934049 18.264844 26.926708 11.807841 12.292526 11.277517 10.717086 20.290868 13.059222 9.204603 3.299129 9.208459 17.436354 13.179342 8.603586 3.433923 4.514384 20.182060 13.114398 4.691160 4.255952 3.803080 15.123620 4.190614 25.123818 3.208867 1.438434 0.038960 2.869420 0.045056 1.546748 29.468917 0.925490 3.023215 0.043350 2.556544 2.510896 0.821145 4.214449 0.653335 2.722568 9.008930 2.206870 4.236130 0.720375 3.895481 12.086907 9.581999 10.932022 9.800128 8.424187 7.545881 2.892068 4.049817 2.144785 2.727023 0.537466 3.400730 2.735049 3.593886 3.259735 2.681233 3.094344 3.515150 3.037890 0.495704 0.213069 1.437352 1.576880 1.227277 1.764349 0.971918 1.561617 1.333363 1.665840 1.664433 1.360366 1.621990 1.991577 1.973041 0.720139 0.915804
 30.426685 79.803085 41.092267 26.810482 72.402155 4.926097 2.571538 1.768570 4.129486 6.704082 4.696769 16.839074 2.212169 5.764209 3.574323 13.481749 6.846896 4.684636 11.329231 11.723644 16.122227 11.135522 38.631402 6.663851 18.322508 6.072296 16.232556 4.755762 12.610163 5.975501 9.820032 9.612983 37.840121 13.280893 8.381042 24.718597 12.236331 8.477946 20.830736 17.426554 24.582336 16.544307 52.169509 11.591113 33.185735 10.902240 29.602122 8.487626 22.208841 11.145522 18.129979 13.903862 50.360620 19.274354 12.295074 42.462427 68.510177 49.966684 39.453464 27.913571 22.228348 6.848419 4.813274 3.284992 2.579490 0.800596 6.978377 7.127237 4.262521 4.995001 3.394082 3.291226 2.411782 1.722297 0.662692 0.463430 16.816270 12.195772 8.368261 6.621483 2.309595 17.049424 18.042085 18.140415 10.967916 13.268081 11.850782 18.085057 9.021144 7.924045 6.567846 8.726575 17.040180 8.663023 4.648580 1.716662 6.604570 10.766108 8.513902 4.667294 1.540034 2.147706 11.351745 5.990971 2.275891 1.385729 26.875982 19.314636 14.104993 10.857909 5.095642 25.765003 28.864534 27.680428 17.065069 19.241550 18.884865 30.211211 15.736452 12.388853 10.984533 15.169463 26.725815 14.638119 8.855858 3.680633 11.508851 18.433749 14.063940 8.739310 3.920039 5.179165 18.382358 10.424904 5.917548 3.718745 3.841500 16.704291 4.743576 3.439929 24.047240 1.615885 0.063815 0.061316 2.366517 1.842192 1.439536 29.605868 0.060690 2.836398 2.257451 2.628860 0.799110 0.705236 4.012860 3.078260 2.310710 9.000626 0.750518 4.305974 3.539245 10.659326 10.287607 11.359057 10.402355 8.004785 7.389677 4.106047 3.349230 3.637657 3.448678 0.994884 3.832914 4.225051 2.683819 2.694152 2.772860 2.963643 2.494994 1.618852 0.663050 0.270253 2.080443 2.037639 2.302131 2.004320 1.187563 2.001463 2.084486 1.706208 1.620109 1.983568 2.099340 1.557337 1.794992 1.287877 0.870704
 19.522884 29.313048 51.676506 48.541755 18.635512 2.108079 2.755564 2.511961 1.228098 4.996304 4.791107 2.212169 10.689055 3.010322 2.666731 5.562567 7.653930 7.150950 3.158355 5.677470 14.548999 13.987939 5.788688 6.549859 11.525113 24.784320 7.031144 5.837108 10.721906 24.004754 6.072882 3.326552 5.964149 8.648943 7.697871 9.709946 14.404972 13.863987 5.507074 9.617864 27.596576 26.456270 9.727452 9.684489 16.622158 33.259075 10.251530 8.309548 14.519136 31.316674 8.405615 6.083289 10.684152 16.647687 14.746653 28.746938 43.994408 35.970716 23.143869 24.319046 11.514731 4.057644 3.548553 1.715247 1.772506 0.406368 4.623522 3.462532 3.090797 3.051531 1.826582 1.969013 2.163190 1.233446 0.371805 0.374018 9.905817 8.859150 4.373751 4.681278 1.168731 10.374858 12.341317 9.038177 8.247788 7.307270 8.512769 11.601315 4.652901 4.992254 4.895959 4.480545 8.299666 4.801771 3.426711 0.920030 4.424240 7.237334 4.914169 3.087862 1.026078 1.248697 7.771758 5.783882 1.334318 1.309022 16.260789 14.213519 7.591701 7.932424 2.615318 16.587412 20.907530 14.760736 13.710541 9.945552 13.354690 19.289966 8.307927 8.355857 6.707767 8.134494 13.811711 8.900285 6.503328 1.938580 7.616693 12.062426 8.753087 5.595000 2.181482 3.214615 12.824771 9.493127 3.489684 3.614691 2.347277 3.174731 11.350940 15.380854 2.345208 0.034762 0.983097 1.320235 0.027251 1.323725 2.124897 0.029266 25.824563 0.982489 1.594795 0.626856 1.921803 2.425479 0.462134 2.483639 3.284302 0.588779 8.917371 1.962385 2.755753 6.359945 6.258239 6.350601 4.648120 7.495969 3.738950 2.134367 2.591293 1.553511 2.282691 0.141853 2.477469 1.672458 2.176193 1.138691 1.722945 1.483879 2.254258 1.755899 0.434092 0.361653 1.068809 1.159209 0.926965 1.281764 0.678347 1.080844 0.828373 1.003328 0.951140 0.848774 1.010183 1.113181 1.186385 0.554178 0.692559
 22.998018 36.661698 65.608889 21.620592 59.397378 2.624620 3.214972 1.382351 3.052593 6.215872 2.607203 5.764209 3.010322 13.705096 2.911104 6.804858 9.064396 3.652949 8.487000 6.926479 17.844220 6.916660 16.303262 7.482347 14.058862 7.202282 30.799382 3.701297 6.732657 8.646423 8.091178 7.034824 13.147875 31.150412 6.828891 11.853950 17.575198 6.570608 16.028580 11.585101 32.897728 11.728828 29.195951 11.071251 20.229570 10.848224 40.670481 6.558984 11.412014 17.028237 14.987126 10.189385 18.757218 41.296512 9.894435 33.709279 61.357951 39.392813 31.526731 28.475531 11.824265 5.256880 3.457986 2.552702 2.111370 0.538552 5.625609 6.257687 4.412132 3.125077 2.917019 3.202832 1.483570 1.542673 0.582417 0.436151 13.199818 8.548484 6.436148 5.667193 1.505585 13.047361 14.411443 15.201439 11.086824 7.629421 8.926900 14.759676 7.451618 7.709896 3.739633 6.815806 15.343319 7.585438 4.184916 1.425888 5.434298 10.874950 7.840973 4.151471 1.238076 1.640357 7.982353 4.139761 2.113235 1.512232 22.269186 13.893202 10.980180 10.029446 3.056984 20.164488 23.144265 22.234584 17.328372 10.319118 14.632143 25.642301 12.787038 11.996160 5.869403 11.798923 24.398739 12.521589 8.156225 2.565213 9.426520 17.767609 12.034615 7.342328 2.510290 4.313600 14.472506 7.765887 5.542874 4.353444 2.574162 3.758440 15.768627 2.763863 18.259039 0.046264 0.968398 0.029557 1.546471 1.750262 0.033361 2.254261 1.419384 29.251994 1.686569 0.634757 2.221383 0.481621 2.784879 3.100484 0.672434 3.704958 2.210607 8.975906 2.952221 7.919783 9.493960 8.171792 7.867001 8.567124 3.585634 3.040013 1.978818 2.314828 2.209059 0.414146 2.596646 3.920831 3.558692 1.295635 2.357709 3.532470 0.800305 1.672787 0.523229 0.283726 1.491977 1.285676 1.618406 1.731774 0.842998 1.365429 1.738750 1.717156 0.926203 1.586834 1.688101 0.753881 1.629028 1.047140 0.909128
 16.024730 24.325185 20.976946 43.059381 41.648571 1.745577 1.303052 1.903409 1.916122 2.375354 3.916442 3.574323 2.666731 2.911104 9.859793 4.518963 3.413336 5.357666 5.258775 4.736196 6.435295 11.401291 10.284811 3.530663 6.192311 8.050235 8.381154 4.477682 8.612769 6.107286 21.570181 4.557474 8.343700 6.831188 22.300007 7.940856 6.097431 10.526730 10.061360 8.063028 11.211813 20.956389 18.988956 6.287968 10.770373 15.990836 15.976108 6.539083 11.604907 8.759981 27.109388 6.805632 12.132885 9.939875 28.859055 21.378580 45.098835 25.643998 22.108211 18.648156 13.157031 3.488559 1.994625 1.681256 1.299921 0.319913 3.514472 4.388950 2.667301 3.959099 2.138669 1.385280 1.364895 1.041879 0.297091 0.227526 8.643056 4.957010 4.286703 3.401059 0.993031 8.870707 9.084042 10.905009 6.762750 8.994887 5.055123 9.537641 5.445958 3.589872 3.414286 4.283856 10.579386 5.243060 2.899851 0.819547 3.152308 6.710133 3.404301 2.640911 0.688172 0.927795 9.294955 3.514440 1.023389 0.784526 14.992237 8.304151 7.401507 5.942381 2.436367 13.840241 14.915547 16.316046 10.656286 11.714940 8.388260 17.269509 8.924696 5.892541 5.638242 7.239134 16.735833 7.994146 5.203203 2.009645 5.401126 11.971092 5.788091 4.792363 1.828250 2.399958 14.425174 5.649621 2.869362 2.497719 1.462886 2.145308 2.157091 13.571351 11.349824 0.026780 0.027660 0.877784 0.883239 0.037884 1.505623 0.848634 1.213198 0.911200 25.884402 0.417465 0.392207 1.634824 1.509121 0.515266 2.438716 2.116876 2.160679 1.991765 8.971642 4.253100 6.076286 5.458512 4.513231 5.379302 4.546287 1.782238 1.099533 1.420883 1.655689 0.246123 1.232905 2.266269 1.932975 3.012109 2.021427 0.715951 0.981868 0.949409 0.192025 0.199887 0.807444 0.572378 0.854061 0.791606 0.413071 0.798220 1.065554 0.850349 0.884230 0.959872 0.576252 0.727210 1.015887 0.450308 0.280934
 151.325880 208.156544 96.639264 69.893910 70.523758 36.659628 11.709210 10.036409 9.366969 17.773051 13.627433 13.481749 5.562567 6.804858 4.518963 89.369204 29.151599 24.428389 22.306950 80.298362 40.879951 31.279311 30.677093 31.685342 49.170142 15.439225 17.759585 26.663463 38.028201 15.128007 12.101750 26.072476 38.388098 18.473130 12.196656 125.396878 43.463679 35.277006 32.272303 106.099879 60.222764 45.172261 44.011210 57.294711 89.184623 27.909571 30.314395 45.900864 67.755085 28.044341 20.965944 47.384861 71.789011 32.931320 22.130314 91.936431 162.445479 104.661526 104.854472 67.056666 65.584781 13.911251 10.435672 6.188712 4.193787 1.608666 14.399356 14.099070 8.627837 14.727405 8.036077 6.822670 6.626014 3.649197 1.480684 1.518497 34.132913 25.302967 15.603878 11.464463 4.947415 35.132812 38.059186 36.569640 22.535969 38.855781 26.540912 37.878110 20.778631 16.587552 17.295993 16.478324 33.612190 19.872587 9.500286 4.332848 10.589133 21.654616 17.069755 9.874592 4.846709 4.319985 32.071647 15.999285 4.619952 3.981327 57.043512 40.389130 27.118362 21.017952 12.221526 54.652786 64.243708 58.180990 35.770003 56.769944 42.466644 64.485092 34.647164 26.229338 29.043307 28.791320 54.163783 32.297438 17.291928 10.371475 19.088952 38.398592 28.565385 18.743342 11.192080 10.690739 48.954973 25.571935 11.925922 9.257871 48.293520 39.804215 11.069599 11.138555 9.947142 64.108785 4.980082 4.743644 3.990445 6.230028 6.644011 5.925900 0.239233 0.210157 0.216931 21.750289 9.720330 9.428240 9.799199 7.030788 7.352172 6.956469 2.275668 2.155631 2.228513 24.537577 30.130786 18.735464 39.972968 21.971206 23.714234 9.176105 7.986529 5.562554 2.966263 1.552667 7.488658 7.842686 5.934346 10.080768 8.084692 7.169504 5.542944 4.169089 1.740192 1.439202 4.274148 4.199558 3.980075 2.954143 2.321867 3.980367 4.128431 3.065914 4.142653 4.415643 3.523146 3.698076 3.648033 3.034977 3.134338
 124.312723 90.088919 169.560539 52.450706 54.333854 11.881209 30.360176 6.773438 6.872114 15.762247 6.628788 6.846896 7.653930 9.064396 3.413336 29.151599 74.745892 16.732362 16.588794 32.584383 45.360106 17.387001 17.573401 63.441125 34.895813 18.067561 20.515229 18.440454 17.205146 22.160893 9.142017 18.927249 18.481810 25.853236 9.221276 43.090366 103.357544 24.819453 24.302437 56.348928 82.773516 29.094643 28.785186 81.088900 49.712112 26.974813 29.416114 32.957547 29.085170 43.822122 16.013954 35.331580 33.005848 49.975066 16.657927 75.395864 125.435604 88.119651 80.291369 67.397779 54.106484 10.121371 8.613705 5.452544 4.159079 2.660816 12.877115 12.254406 8.772975 12.604356 5.819561 5.983239 6.798587 3.451292 1.644926 2.076509 25.946307 20.996517 14.078489 11.663453 7.293777 25.811621 34.516697 32.265790 22.964320 32.091856 21.697470 33.307181 15.955581 15.249068 16.774603 13.581940 28.205400 14.348487 9.059880 4.470643 10.139164 21.710934 14.434935 9.480543 5.989073 5.954701 29.501112 17.108535 5.467940 5.683570 44.533794 33.595612 23.741772 20.958756 13.621397 40.475283 56.754307 51.069965 35.739270 44.982645 33.679299 56.333204 28.930550 24.526350 25.160641 23.096180 44.654137 24.613044 17.378588 9.704244 16.912625 35.025347 23.437572 17.749262 11.755503 10.586842 43.885165 25.982243 12.818308 11.296350 38.134328 8.838890 38.750630 7.336035 6.662437 3.201943 63.556849 2.470513 2.550352 5.430457 0.237595 0.162661 4.465853 4.107642 0.103984 8.015001 21.726436 6.342696 6.545740 7.494429 1.993200 1.779507 5.837017 5.666962 1.473290 20.458117 16.989979 15.631247 20.982827 24.132127 19.527635 4.585662 6.167964 5.462405 3.467296 2.393065 5.729035 6.561774 4.452124 6.024024 4.855770 4.809160 5.653199 4.410827 1.123566 1.980041 3.010940 3.140972 3.180073 3.396424 3.544024 3.321969 3.226720 3.506912 4.673836 2.973630 3.214593 4.061979 3.476938 2.535548 5.199895
 96.672617 69.976071 55.833817 120.378285 37.649123 9.776300 6.717228 23.070418 4.912997 7.268187 11.629288 4.684636 7.150950 3.652949 5.357666 24.428389 16.732362 56.467498 11.660714 26.853270 18.700439 34.085712 12.238107 18.556843 19.122362 21.603109 9.627249 48.422485 25.757419 16.076648 12.085896 14.000476 12.953240 10.028871 15.837586 35.717058 24.930557 77.888064 17.076556 47.308071 31.240774 63.430157 20.283455 34.144199 32.344685 42.965080 16.668089 60.468724 35.871828 23.360825 16.993729 27.096307 24.010938 18.272559 32.163810 49.918308 99.238101 68.314688 61.915806 62.355853 38.767160 7.227575 5.788477 2.846611 3.833512 0.931162 9.078102 6.836983 6.996180 10.216606 4.382944 5.664751 4.672028 2.232557 0.651971 0.841908 18.653422 15.092991 7.684724 11.180659 2.884757 18.433926 24.669736 18.442100 18.725332 24.871155 14.449936 23.746498 11.722633 14.160584 11.872497 7.380928 16.116478 10.450884 6.359878 1.932346 8.748107 16.697713 13.325181 5.655539 2.542154 2.711729 23.251317 11.672385 2.140557 2.691779 32.886448 26.452764 14.425303 20.843712 7.102554 29.000418 42.471254 30.390782 31.454779 33.983299 23.460958 40.873205 19.886768 21.861618 19.112294 13.857403 27.360245 18.169350 13.396322 5.376781 13.885034 27.204587 20.624080 10.237065 5.815204 6.172445 34.386214 18.306341 6.456111 7.026214 25.422650 6.805313 5.531974 34.443249 4.021472 2.401239 1.857876 56.859628 1.685312 0.117564 5.955257 0.113113 4.540510 0.090335 3.027989 5.916558 5.049334 21.596928 3.912577 1.630073 7.260875 1.265039 5.679515 1.132706 4.860307 9.892672 14.107637 10.917276 22.566321 21.310271 12.855268 3.180573 3.456789 2.242654 3.857206 0.549739 3.811374 2.450202 4.430067 6.494691 4.021782 5.670761 4.352659 2.069989 0.611518 0.225554 1.914339 1.976254 1.373699 2.899335 1.587244 2.179796 1.514427 2.472312 2.656465 1.702707 2.922470 2.777789 1.762995 0.831264 1.686416
 102.363747 66.500860 56.318889 37.801068 125.915009 9.293869 6.729893 4.847560 24.761830 6.497296 4.663912 11.329231 3.158355 8.487000 5.258775 22.306950 16.588794 11.660714 58.962154 26.128459 17.415387 12.422845 32.630238 18.754606 16.831259 8.761424 24.652782 13.759308 12.301267 8.625857 15.504049 52.834478 25.130944 18.889741 11.890997 32.575479 24.739227 17.368630 80.124805 47.418226 29.697416 21.056220 60.387376 35.371786 29.012390 15.758325 47.213443 26.277534 21.024544 15.975105 30.571558 66.584167 35.156573 26.819650 17.238679 56.478202 109.679767 69.142105 67.908271 49.673766 36.017458 9.367609 5.757318 4.541683 3.731659 1.053453 9.864790 10.993738 6.340054 7.828584 6.619484 4.202205 3.163952 2.743142 1.204932 0.819077 23.214126 15.112867 12.024171 10.238286 3.224836 23.658130 26.318067 29.234610 16.273431 20.599844 14.139869 25.629879 17.984431 9.899732 8.163549 11.829752 25.535377 15.126156 6.765638 3.300301 8.801703 16.193297 11.141873 7.773365 2.406623 2.896182 17.576429 8.510087 3.496785 2.552556 38.769630 25.714655 21.840080 17.952588 7.512227 35.789568 44.651756 47.123258 26.296042 30.515980 22.886500 43.851259 30.302302 16.086513 13.851541 21.294839 41.480293 23.437282 12.726484 7.479994 15.050013 27.805425 19.278058 14.548856 5.646726 6.609906 28.175172 15.570927 8.506456 6.721046 29.135390 6.908609 5.989378 4.796066 34.500010 2.614961 1.885633 1.974508 59.129346 0.165656 0.164255 5.426902 0.123786 4.705244 3.120442 6.304244 5.487231 4.332712 21.725937 1.532579 1.473227 6.869411 1.232985 5.740374 5.374921 11.075704 15.985704 10.983397 15.274777 14.588996 12.119231 4.487432 2.680795 4.892395 4.887172 0.630605 4.928682 5.728282 3.830436 4.811669 7.185161 3.552674 2.458681 3.007392 1.217600 0.666662 2.365557 1.941033 2.814129 2.445477 1.675134 2.299109 2.824466 2.162902 2.012813 3.235714 1.774207 1.793810 2.496577 1.631704 1.719686
 210.957854 167.268758 97.980071 70.615421 73.292535 38.648177 14.620177 12.109343 12.227405 15.328536 11.551366 11.723644 5.677470 6.926479 4.736196 80.298362 32.584383 26.853270 26.128459 98.838018 38.417005 28.995599 29.128816 41.481425 40.657250 15.721557 18.056082 33.819477 30.966567 15.321593 12.678342 35.334193 32.156358 18.754831 12.728323 102.658995 45.438629 36.625599 35.172097 143.978783 59.586835 44.486412 44.340271 77.692259 71.488523 28.275226 30.999610 61.157633 53.767467 28.119102 21.945492 65.784236 58.164781 33.417815 23.014487 85.820173 175.784365 103.614051 106.348899 73.964887 74.582264 14.132501 9.783351 6.052101 4.247234 1.704198 14.403552 15.527478 9.202417 16.571985 8.420699 6.770288 6.837905 3.973152 1.869289 1.775288 35.545562 23.767681 15.732546 12.057215 5.270562 34.808996 38.077581 40.403808 24.167871 43.867727 25.005806 38.190241 22.200568 16.795251 17.971957 15.919698 36.835505 20.245407 10.250929 5.718744 10.475524 22.965457 16.506039 10.639371 5.365017 4.493337 35.956068 16.329827 5.371671 4.726762 60.912763 38.677355 28.812628 23.057337 13.385094 52.826683 63.900934 64.895003 38.916652 64.438474 39.917363 66.391848 37.388123 27.060751 30.606494 27.902710 59.081093 32.321335 18.845949 13.279199 18.731805 40.928303 27.657544 19.840025 12.288393 10.435042 54.608320 25.864610 13.350615 10.830022 62.370155 32.090538 10.987387 10.902594 10.067861 64.812651 11.460912 10.991570 9.753631 2.407185 2.614023 2.326992 0.239275 0.196341 0.206242 21.793474 11.515709 11.117150 11.628109 6.247526 6.256075 5.967493 2.213570 2.151721 2.222054 21.128430 34.205005 17.833173 35.009758 23.998219 27.367849 9.577033 6.812667 5.365260 3.146353 1.271404 6.958064 8.908426 6.389676 12.108799 9.069098 7.454915 5.637850 4.948143 2.577146 1.670680 4.260843 3.825524 3.861259 2.923150 2.216472 3.842142 4.605578 3.175923 4.679120 4.339158 3.208681 3.735404 3.861748 4.230668 3.370774
 104.548579 210.065591 275.491746 94.929541 99.878720 15.421295 16.090070 7.186459 6.788850 48.252368 15.206373 16.122227 14.548999 17.844220 6.435295 40.879951 45.360106 18.700439 17.415387 38.417005 124.553097 37.913034 39.679149 35.740570 101.599948 33.364971 39.399202 18.649645 40.156006 41.280436 16.770857 18.282955 43.745080 51.212561 17.322951 70.872922 83.171834 32.152479 30.029829 58.689959 188.661861 58.783854 60.187542 51.317982 134.647311 48.800531 55.495406 31.784367 68.928909 78.427382 29.051179 32.821944 77.969867 96.084899 30.803455 128.091232 203.873135 161.537604 122.549845 103.935549 64.926813 18.139705 15.210855 9.329887 7.080830 2.346907 21.114689 18.191556 13.807529 16.943334 9.847584 10.720226 9.555252 6.045444 2.205531 2.015369 45.203861 36.947654 23.456081 19.075982 6.983828 46.198931 56.090483 47.076027 35.819579 41.356711 38.401042 53.922325 26.032262 26.668690 23.603528 24.515906 43.843888 24.938671 15.762094 5.716684 18.133663 34.109020 26.240971 16.334796 5.725140 6.546483 41.366589 25.001655 7.635703 6.631716 75.230907 58.964963 38.921005 34.509257 15.617826 73.668001 92.318188 73.764524 57.382249 56.520057 61.942869 90.151757 45.457172 42.318450 36.038133 41.829074 70.289285 43.407611 29.213265 11.655254 31.823848 55.936906 43.314983 29.076509 12.254174 15.334463 64.070104 40.577972 19.198354 16.676370 14.018501 42.820776 67.788140 14.887099 15.259298 3.452285 12.235699 0.372610 0.249748 65.424243 3.988464 3.927749 13.489696 12.400262 0.387082 7.888910 12.151991 2.918456 2.972445 21.883127 8.444676 8.922411 11.887445 12.565700 2.897054 33.850556 35.398713 38.954639 38.449591 35.849607 25.517835 10.313013 12.821469 9.395927 8.350137 2.569535 11.844555 9.184863 10.411560 10.105688 9.227781 12.270119 9.081436 8.771941 2.142558 1.650839 5.900156 6.296704 6.388763 6.038447 3.940433 6.026734 5.363083 5.856754 6.273231 5.577634 6.018935 6.565838 6.590662 3.832347 4.848230
