 851.774890 413.640625 389.944292 367.369575 368.368527 64.819362 60.456986 58.287854 58.063113 37.650914 35.068164 33.582114 31.302061 32.303714 29.304444 137.498179 128.759433 123.916923 123.273623 177.437662 95.916219 89.614550 86.293888 165.547937 95.873006 80.348034 82.155455 159.292005 89.412884 79.755010 75.096165 158.902070 85.581647 83.142827 75.471916 194.494019 181.718235 174.665418 173.847897 315.502851 162.966376 152.959621 148.318771 293.644911 164.252397 136.348194 140.524527 282.431421 152.683408 134.657215 128.769532 280.997066 146.919242 141.661991 129.207893 359.948689 446.034343 402.583090 403.813207 409.591586 369.126980 32.241840 31.349180 28.366770 30.484468 27.220656 39.038875 38.055709 36.825863 36.479632 31.615661 32.842460 30.352974 31.316449 28.057017 28.754318 82.785805 80.565015 74.486909 80.331295 70.300721 84.247135 100.164476 98.447149 96.595576 94.880746 79.961502 99.062830 82.463708 86.785115 78.816741 71.662052 94.561036 79.876904 80.022203 71.323601 75.789796 91.713034 82.470514 79.502089 73.328396 69.119838 91.898855 77.691903 73.265243 74.373824 143.468331 137.284552 131.433325 140.978632 120.405502 144.330514 171.066926 167.700017 168.588784 161.893984 134.871394 167.096622 142.315869 150.975359 133.738750 122.990373 156.166567 133.862236 137.544400 121.437610 124.063825 151.829315 136.665843 132.807420 124.081606 117.821271 154.356645 133.879837 128.061131 130.140464 298.890693 49.409860 48.213228 48.612396 48.398219 94.574683 94.552633 94.495235 94.521139 3.391209 3.759329 3.391427 3.669643 3.733097 3.424677 35.651441 35.661395 35.654111 35.660317 11.513941 11.268887 10.964166 10.776878 11.078334 10.803863 87.868845 96.917404 97.915732 103.077059 109.492773 88.953618 26.370438 27.212152 30.579453 31.573069 27.965254 30.985193 33.485790 34.250406 29.828068 30.401013 32.279842 28.024586 36.078131 31.076101 31.735307 14.852892 14.730172 15.968971 16.413361 14.835756 16.368468 16.753807 17.270662 15.760765 16.543377 17.089452 15.566700 17.856578 16.408701 16.537198
 413.640625 939.450880 437.964979 408.407664 409.060316 67.269643 36.486778 34.897370 34.359500 71.484933 66.818669 64.956472 35.494463 36.287122 32.686200 181.847676 93.641582 89.436212 87.995670 145.276978 153.974518 144.043599 140.219844 93.425766 193.590149 90.792669 91.940970 89.358722 181.124862 90.689045 83.573126 87.906187 176.008372 93.311555 84.054148 321.929086 159.505129 152.125584 150.072631 208.085154 221.735995 207.439040 202.347061 158.196266 345.654033 153.444127 157.070224 151.561118 320.993799 153.420749 142.934268 148.821435 313.332025 158.842887 144.223242 462.273110 476.834194 460.463743 381.399958 384.678559 442.874893 40.797890 40.444113 32.834082 33.354730 36.126516 42.920988 37.414270 35.775664 42.220016 32.376139 33.231513 37.082564 28.543808 28.539922 30.769663 101.462603 101.228683 81.283166 84.275669 90.067311 107.045048 111.146252 95.922376 92.975676 110.445249 104.524465 108.536120 82.848158 86.414852 95.969308 85.786402 95.385890 84.553890 73.748744 75.540094 86.755016 92.021705 85.885037 72.952710 79.694368 92.187594 104.396987 93.339446 72.419885 77.932038 168.501700 167.694101 134.253523 141.637909 148.723720 183.133163 191.901166 160.626122 159.930191 188.257288 176.762992 182.177767 139.496365 147.227415 161.319006 150.516073 161.999161 147.247783 127.688559 134.686452 148.245131 157.862742 147.267543 122.904880 137.050710 155.541491 172.166278 158.722488 124.102811 130.672072 54.811368 298.893624 57.909369 55.984987 54.021881 94.364743 4.343014 4.263746 3.845748 94.741468 94.500149 94.606041 4.304830 4.360854 4.314369 35.665332 12.437081 12.391066 11.796182 35.671019 35.670531 35.670386 12.758279 12.310638 11.911763 119.033350 104.528874 115.537014 98.196936 100.284494 118.456490 38.206261 41.534623 36.273615 34.636810 43.101205 37.426942 32.463503 31.691874 37.452324 31.637318 31.910641 39.750402 29.953317 31.162045 36.787200 19.621196 20.740538 18.592432 18.841771 20.988917 19.002218 17.301620 17.478384 18.893058 17.452193 17.700152 19.598589 15.859877 16.694019 18.185784
 389.944292 437.964979 885.934760 382.803757 384.092720 37.471965 61.166966 32.548542 32.320324 69.970451 36.925894 35.642615 59.538046 61.267056 30.401927 95.169388 167.024365 83.567905 82.966229 95.571460 190.624308 94.105399 91.376799 131.043930 149.383280 127.558542 129.998466 83.116014 94.258190 161.509725 77.710222 82.842977 90.984515 167.738265 78.302493 161.649200 296.514502 142.415759 141.678870 161.546017 339.225351 160.300592 156.502821 185.464173 214.676512 180.200203 184.825099 140.417785 160.721165 283.939480 132.852430 140.278645 155.944965 296.736174 134.339214 395.728949 461.046012 431.168283 394.534549 387.971266 410.291443 35.362868 33.518039 29.355677 31.675228 28.222947 40.302214 37.849774 36.626852 38.885195 32.823077 33.928680 33.089583 29.225297 30.130204 29.282391 90.581255 86.189031 75.056961 81.836369 73.325694 91.757680 104.181431 97.622023 94.763937 101.232903 85.995538 101.486646 84.500675 87.434608 84.656072 75.528397 95.169140 83.788599 75.639628 76.927726 79.463687 92.707448 86.194135 74.607461 75.397201 72.269669 96.893338 84.712642 77.339756 75.550156 155.552427 147.954472 129.894625 141.059579 128.019529 156.658845 180.416285 164.553383 163.269301 172.016050 145.680685 170.572525 143.026043 148.421779 143.607941 130.537566 159.126071 142.773506 131.293868 130.723592 131.412350 155.427413 144.656897 125.598720 130.199243 125.940580 161.482450 146.584150 131.084251 129.706770 50.366247 54.094010 298.886587 49.372759 51.230768 4.085753 94.535103 3.540059 3.805791 94.806859 3.802476 3.817289 94.362010 94.582534 3.484861 11.926260 35.676834 11.125872 11.527535 35.669695 11.963407 11.980563 35.660961 35.664522 10.980503 102.232660 101.675530 105.563269 100.986768 98.118469 109.188410 32.295584 30.852036 30.857989 34.987176 30.326350 33.143840 32.959408 33.712999 32.377190 33.444227 35.776044 32.885368 30.988926 33.737938 32.525832 17.031680 16.866348 16.476755 17.070122 15.831606 17.082681 17.295500 17.353702 17.211945 17.122134 17.382415 16.906707 16.879853 17.403757 17.240023
 367.369575 408.407664 382.803757 838.594538 359.694875 34.900131 31.815899 58.181467 29.906032 37.072106 63.899006 32.931988 58.712450 31.366206 55.611987 88.883290 81.887641 159.680205 76.782948 89.218804 94.264909 175.577943 84.623764 81.588891 94.355573 160.895219 79.703374 123.307812 135.358650 124.202066 117.317391 76.875642 84.176795 80.784010 152.892687 151.330258 139.869207 285.287489 131.519646 151.144039 160.309610 315.385352 145.643503 138.273153 161.379182 285.248788 136.553349 172.600702 191.599026 173.617347 164.495033 130.696254 145.079732 137.916498 273.116598 386.685214 450.492371 402.481976 384.096565 378.592739 354.521538 36.137932 32.382429 29.250986 29.897033 28.006885 38.875857 36.008723 36.720395 35.624601 31.801340 32.411057 30.897403 29.279716 28.026034 26.916036 91.270715 82.543970 74.619539 77.104900 71.873119 93.046346 100.676574 93.493124 95.608454 91.786089 83.172159 98.116921 81.662215 84.839859 78.734754 74.925983 90.708348 81.549626 75.722238 71.343728 76.155775 91.788967 81.956106 74.377500 68.169352 71.597079 90.899939 80.071825 72.745559 70.828082 153.677389 140.445664 128.355585 134.009700 121.485260 155.585590 172.882544 158.358117 163.288323 154.178810 141.331703 165.374708 138.183011 145.522716 131.174528 129.149049 152.369695 139.685319 130.518931 121.307566 126.276657 152.090911 136.975687 124.515642 114.333936 123.002748 153.526694 139.257014 124.770777 123.590219 47.530029 49.088639 46.423355 298.889846 46.454193 3.616023 3.060342 94.317886 3.295724 3.549877 94.604400 3.447144 94.339544 2.981675 94.369949 11.215359 10.506642 35.641506 10.355300 11.212526 35.649479 10.715671 35.647357 10.290712 35.646437 100.202908 101.109700 91.083068 96.336159 94.195014 85.355132 33.101613 28.472024 30.797620 30.948941 29.838526 31.400284 28.813487 34.008545 27.072109 32.164409 32.278010 29.008211 31.368642 30.014061 26.387353 16.424669 15.498872 16.043285 16.258891 15.807823 16.192614 15.922154 16.864121 15.297767 16.056667 16.461733 15.559127 16.531641 15.857011 15.288590
 368.368527 409.060316 384.092720 359.694875 840.550377 34.831321 31.871346 30.256081 58.018836 36.996196 34.245347 62.405809 30.550997 59.789622 55.667221 88.499763 82.162165 77.642798 159.144946 88.888454 94.262921 87.547560 171.925126 81.867203 94.079191 78.427641 163.230880 77.604218 87.376081 77.963871 152.257171 122.813879 131.766305 127.402044 117.908349 150.506677 140.505319 132.693629 283.025337 150.859199 160.537730 150.037589 308.772974 139.270007 161.661676 133.487066 293.246410 132.386096 149.357533 132.338289 271.094117 171.773373 186.790828 179.596112 165.715511 373.074985 437.002414 389.765271 400.068354 363.922540 397.933249 34.348881 33.749864 30.267750 28.524081 29.067186 36.515580 37.336528 32.750122 39.077004 32.381836 29.848951 32.354962 29.379216 30.405251 29.166357 88.039400 85.696813 76.876100 73.551632 75.794698 88.870535 95.232581 97.181026 85.564084 102.826421 86.025687 93.290099 83.868008 78.536620 84.989791 77.325997 93.416645 81.800866 74.674633 77.485705 73.250398 83.670711 76.394056 75.801165 75.934324 73.445607 96.218618 80.876760 78.182193 73.379679 150.267605 142.388050 132.250649 126.732756 130.670311 151.226927 165.457099 166.140386 147.934491 176.231144 144.614682 159.415980 143.402416 134.998945 144.687319 130.457684 154.659380 135.533456 125.376276 131.640848 123.608076 142.094854 129.166090 128.168219 130.356333 124.711294 157.981550 136.850228 132.919636 122.546390 47.401669 47.513867 47.567461 46.140014 298.894938 3.358796 3.508910 3.383074 94.531600 3.510589 3.333645 94.738100 3.323975 94.341839 94.406143 10.541608 10.718048 10.187446 35.660667 10.932819 10.447697 35.669214 10.156526 35.655794 35.657433 89.662242 94.768495 88.900919 100.403085 96.909257 97.046350 30.026104 31.929167 31.491324 27.854008 28.768667 27.043742 32.277812 26.336175 33.270309 32.353033 27.755463 30.331433 31.610987 34.009854 32.564308 16.069564 16.164070 16.918557 15.415855 16.535899 15.354019 16.726919 15.033132 16.836466 16.825629 15.366248 16.368877 16.872052 17.636512 16.748406
 64.819362 67.269643 37.471965 34.900131 34.831321 12.385172 4.803210 4.555655 4.463523 5.198769 4.833546 4.609252 2.943957 3.006704 2.712693 28.010919 11.130778 10.560079 10.355918 28.281284 12.104692 11.281273 10.798088 13.251480 14.188468 7.661255 7.746010 12.538498 13.189171 7.638204 7.049657 12.244099 12.566122 7.859631 7.089237 37.927467 16.486502 15.644106 15.412341 38.590190 18.195537 16.991263 16.366161 23.898600 25.721865 13.049485 13.306158 22.669632 23.822713 12.999710 12.146893 22.048513 22.843994 13.498328 12.233189 38.412901 43.169874 42.253569 37.384694 39.059312 39.012072 3.404678 3.383940 2.881690 2.896131 2.986592 3.932430 3.559872 3.411988 3.779726 3.175264 3.076310 3.210744 2.806673 2.678483 2.864760 8.568539 8.651547 7.380712 7.567341 7.519868 8.946541 10.126016 9.140756 8.978686 9.864004 8.630574 9.954247 8.090881 8.068863 8.291792 7.343742 8.950558 8.126459 7.183640 6.975089 7.308274 8.534765 7.845202 7.145077 7.315880 7.596915 9.326117 8.170683 6.873055 7.343536 14.569008 14.620271 12.693666 13.189478 12.633101 15.336355 17.491909 15.501636 15.588341 16.745737 14.572177 16.638286 13.613322 13.934217 13.890495 12.740426 14.979187 13.812754 12.475964 12.227226 12.375529 14.337874 13.395486 12.080314 12.445601 12.888289 15.423419 14.155751 12.003129 12.641037 18.365320 16.443684 3.514157 3.499980 3.215032 29.892229 1.906844 1.839209 1.711150 1.520521 1.656165 1.533862 0.050252 0.046222 0.044156 8.989232 3.097751 3.063074 2.900216 2.842733 2.770326 2.695199 0.700676 0.660425 0.646253 9.097027 8.749156 10.222625 9.031203 10.671710 9.744171 2.855925 3.089989 3.113267 2.747126 3.218583 3.125503 2.980852 2.881134 3.066406 3.131610 2.781088 3.005617 3.061763 2.775295 3.402433 1.503130 1.583608 1.508191 1.471459 1.531063 1.628593 1.493262 1.519929 1.533081 1.605221 1.499716 1.574376 1.439965 1.459378 1.584301
 60.456986 36.486778 61.166966 31.815899 31.871346 4.803210 11.572624 4.132179 4.143646 4.911067 3.015176 2.892484 4.109316 4.225243 2.490299 11.071970 26.167384 9.619340 9.621409 13.208981 13.476637 7.802078 7.530259 26.283403 11.388954 9.597328 9.799986 11.300277 7.815513 11.207819 6.476513 11.449967 7.501300 11.650394 6.521938 16.382162 35.119983 14.280910 14.266939 23.775495 24.365293 13.326563 12.956913 35.350473 17.110537 14.230329 14.637342 20.220930 13.393666 20.044302 11.124340 20.681947 12.949810 21.080000 11.224074 33.996542 42.198543 39.708469 37.054439 34.853134 33.986848 3.101162 3.038701 2.571376 2.729313 2.490067 3.845109 3.347938 3.249893 3.427409 2.961520 3.038680 2.939273 2.548468 2.555962 2.553834 8.002364 7.806301 6.702404 7.114947 6.450626 8.027387 9.789797 8.674164 8.516110 8.819811 7.718769 9.664557 7.586906 7.918894 7.514324 6.535283 8.413395 7.547988 6.584558 6.471042 6.872407 8.123234 7.665791 6.572663 6.561406 6.372968 8.658017 7.553381 6.689979 6.597962 13.832999 13.370459 11.777764 12.450523 11.158344 13.692453 16.760503 14.830195 14.766367 14.891687 13.021016 16.067276 12.833637 13.579801 12.600898 11.342810 14.173248 12.901078 11.603873 11.056213 11.452286 13.665772 12.858972 11.217964 11.279316 11.015135 14.595221 13.174114 11.605954 11.488346 16.758280 3.254574 15.956874 3.026998 3.172745 1.770278 29.957207 1.532221 1.636462 1.477593 0.038805 0.041408 1.582476 1.547291 0.040265 2.945371 8.995671 2.695932 2.832511 2.791234 0.661872 0.650966 2.624813 2.725689 0.638128 7.854862 8.828265 9.293167 9.625060 8.080712 7.569944 2.507777 2.719152 2.604409 2.606558 2.395060 3.180952 2.730504 2.738052 2.767647 2.732140 2.978260 2.696587 2.421116 2.579310 2.716866 1.353953 1.356131 1.348408 1.349329 1.258960 1.499179 1.406159 1.409986 1.394509 1.418785 1.470788 1.397630 1.353068 1.409171 1.389856
 58.287854 34.897370 32.548542 58.181467 30.256081 4.555655 4.132179 11.194461 3.902964 3.093202 4.586300 2.730186 4.125892 2.613390 3.808427 10.537293 9.655230 25.331946 9.049736 12.546232 7.986487 12.652083 7.109909 11.397028 8.002160 11.384584 6.735441 25.306996 10.575555 9.520479 8.789653 10.800949 7.098030 6.855308 10.595770 15.623630 14.369530 33.998848 13.444358 22.694930 13.627233 22.976098 12.261985 20.681628 13.770609 20.506244 11.554639 33.786080 15.664843 13.953879 13.009318 19.526343 12.321390 11.785284 19.357634 32.868210 41.892252 36.934142 34.243157 34.986557 33.246996 3.028360 2.804412 2.479751 2.764042 2.533938 3.545720 3.263276 3.332638 3.349797 2.939678 3.025129 2.789618 2.650446 2.515447 2.396188 7.720975 7.210659 6.388369 7.304264 6.537977 7.841661 9.092478 8.423683 8.708899 8.611252 7.206094 9.005839 7.527643 7.911767 7.240016 6.359621 8.216386 7.465082 6.948818 6.551055 6.827996 8.311273 7.618689 6.641314 6.217278 6.405436 8.482311 7.083592 6.447582 6.289911 13.299288 12.310797 11.063931 12.732610 11.150211 13.257471 15.610629 14.234971 14.996922 14.580409 12.240154 15.232843 12.546942 13.546437 12.246097 10.980252 13.815723 12.538686 12.072649 11.314521 11.076021 13.854592 12.593630 11.096012 10.684230 10.867853 14.233831 12.306989 11.073014 11.209500 15.835513 3.084919 2.899468 16.124128 2.844365 1.576881 1.326134 29.847799 1.487236 0.034148 1.656903 0.036428 1.639308 0.033881 1.530210 2.747840 2.559066 8.984661 2.561992 0.636094 2.807430 0.584117 2.691176 0.595541 2.661895 7.771843 9.234266 8.367835 8.053816 8.053385 7.351021 2.368042 2.221122 2.262596 2.799022 2.488685 2.664286 2.521455 2.937069 2.523429 2.753130 2.901401 2.408774 2.605739 2.644802 2.217001 1.245448 1.222539 1.304586 1.378716 1.302712 1.351064 1.332383 1.465431 1.332347 1.398628 1.479888 1.302196 1.407258 1.405488 1.306781
 58.063113 34.359500 32.320324 29.906032 58.018836 4.463523 4.143646 3.902964 11.181872 3.049673 2.807169 4.337393 2.507132 4.225563 3.781001 10.317677 9.647203 9.049941 25.296223 12.275543 7.872989 7.263718 12.016048 11.471662 7.891279 6.535942 11.627880 10.802398 7.292675 6.515467 10.460166 25.241809 10.001790 9.784592 8.781491 15.305767 14.313808 13.422340 33.879121 22.295951 13.452363 12.467286 22.074292 20.874385 13.614608 11.129722 21.201376 19.701479 12.572587 11.115324 19.178760 33.641130 14.888630 14.423447 13.005130 31.853803 38.236123 36.272005 35.947087 33.820308 36.538479 2.929255 2.945577 2.577100 2.593655 2.636414 3.398442 3.343957 3.077191 3.305814 2.966554 2.772238 2.836359 2.679496 2.748689 2.724284 7.511387 7.530407 6.668339 6.759061 6.896857 7.626180 8.825316 8.705181 7.978936 8.814560 7.460832 8.545172 7.722857 7.303170 7.527463 6.572797 8.334438 7.520139 6.825695 7.012939 6.588368 7.763612 7.012481 6.885183 7.110865 6.561796 8.163271 7.074186 7.046293 6.745671 12.881510 12.684562 11.717964 11.784250 11.960566 12.994157 15.312553 14.919584 13.763285 15.549388 12.456763 14.343491 13.249684 12.443814 12.981047 11.229496 13.764304 12.580864 11.533797 11.999606 11.008425 12.902249 11.841253 11.656067 12.178292 10.981960 13.561674 12.178506 12.073020 11.282384 15.814878 2.849876 3.004824 2.830287 16.200463 1.436192 1.563928 1.477094 29.919850 0.034050 0.034753 1.454647 0.040774 1.739247 1.485821 2.593661 2.622920 2.543938 8.989910 0.605355 0.566933 2.702188 0.599040 2.778744 2.649032 6.743401 7.372863 8.033355 8.056840 8.348598 8.304682 2.230586 2.523790 2.446828 2.321035 2.709218 2.414189 2.623149 2.428301 2.366023 2.877510 2.528701 2.498277 2.745499 3.042696 3.104762 1.248645 1.313399 1.320531 1.273706 1.394517 1.288106 1.408879 1.287838 1.309089 1.494271 1.339492 1.346607 1.423170 1.526490 1.434353
 37.650914 71.484933 69.970451 37.072106 36.996196 5.198769 4.911067 3.093202 3.049673 13.224560 5.142485 4.942958 4.824187 4.914583 2.872243 14.075895 13.467266 8.045514 7.927975 12.116212 30.177653 11.962595 11.545947 11.418438 29.998512 11.194621 11.286065 8.040072 14.060792 13.226606 7.459277 7.931645 13.485510 13.531291 7.515544 25.236655 24.289485 13.765367 13.595621 18.135732 41.506483 18.003253 17.461883 16.993165 41.215505 16.581842 16.840361 13.690984 25.296582 23.632442 12.829395 13.517044 24.414150 24.284899 12.991403 43.241689 46.511989 45.626078 36.277074 39.226826 42.290944 3.756367 3.690441 3.093413 3.348522 3.152928 4.241677 3.693571 3.675770 3.860361 3.202734 3.477273 3.491677 2.822958 2.770208 2.865163 9.560249 9.411809 7.716904 8.499446 8.005480 9.795518 10.993533 9.451962 9.477211 10.189203 9.496232 10.647085 8.134144 8.932935 8.893752 8.061995 9.400733 8.358417 7.386189 7.251298 8.542243 9.393374 8.909342 7.141358 7.432242 8.048195 9.592578 8.930687 7.075598 7.352014 16.140628 16.035154 12.890998 14.437544 13.631131 16.853476 19.044356 15.738109 16.284824 17.547616 16.146264 17.840766 13.605424 15.129826 14.996896 14.204512 15.869209 14.593243 12.980091 12.842239 14.315605 15.837452 15.114133 11.921560 12.973737 13.937002 16.169736 15.457341 12.090890 12.693490 3.579986 18.149870 19.449111 3.727002 3.552452 1.834377 1.922754 0.046139 0.045919 30.083684 1.713265 1.709164 1.917394 1.960708 0.049289 2.942818 3.050849 0.715845 0.688416 8.999577 3.008783 2.956578 3.193434 3.081126 0.695414 10.648388 9.642370 10.800246 8.296063 9.759653 11.162347 3.187087 3.438290 3.211093 3.673860 3.537289 3.465031 2.991884 3.269895 2.977531 2.848646 3.640911 3.514354 2.816580 2.864302 3.117031 1.766100 1.799440 1.634872 1.811356 1.674309 1.786874 1.644459 1.715791 1.647533 1.637513 1.762728 1.723716 1.520746 1.537322 1.575038
 35.068164 66.818669 36.925894 63.899006 34.245347 4.833546 3.015176 4.586300 2.807169 5.142485 12.293971 4.534650 4.645327 2.951999 4.285385 13.190467 7.866768 12.649301 7.306795 11.280160 11.951572 28.041823 10.620189 7.831753 13.971699 12.775751 7.600559 10.600669 27.829624 10.743830 9.883188 7.304668 12.393888 7.718305 11.832740 23.764892 13.477907 22.827611 12.549585 16.878015 17.949832 38.377701 16.110009 13.313480 25.197487 22.944068 13.066706 15.606058 37.712429 15.824894 14.640701 12.485904 22.633587 13.270957 21.624819 39.786002 44.940173 42.455526 36.529865 35.796830 37.448683 3.754982 3.572423 2.973011 2.946254 3.112767 4.064676 3.450190 3.310106 3.662385 3.106588 3.152688 3.271868 2.733768 2.656229 2.656015 9.420506 9.032696 7.484551 7.567098 7.756304 9.690924 10.529151 8.889717 8.643998 9.450027 9.174015 10.185769 7.871463 8.242648 8.291755 7.629410 8.771578 8.096739 7.030214 6.854751 7.610998 8.459316 8.044295 6.967742 6.689439 7.952828 9.317103 8.487621 6.852361 6.992045 15.707103 15.165337 12.488467 13.015189 12.786589 16.332452 18.050392 14.988655 14.927026 15.989941 15.440598 17.010244 13.163063 13.979394 13.783287 13.277131 14.939346 14.021107 12.104688 11.944399 12.908293 14.502106 13.763318 11.670273 11.381516 13.440517 15.661882 14.737318 11.721477 12.027220 3.422652 16.395751 3.434287 18.659177 3.168120 1.610283 0.041358 1.918878 0.040943 1.602129 29.945410 1.517553 1.880718 0.040627 1.889985 2.786905 0.672155 3.069493 0.626769 2.788472 8.993181 2.635111 3.108267 0.647563 2.944890 9.229439 9.481483 9.751281 9.125949 8.523170 9.178090 3.378789 3.393402 3.035907 2.778045 3.322069 3.351782 2.629147 2.620185 2.865323 2.993848 2.912124 3.222857 2.682807 2.732080 2.685280 1.653294 1.694356 1.555439 1.542414 1.654878 1.669224 1.445901 1.466932 1.528929 1.550887 1.571710 1.638680 1.409759 1.415718 1.425230
 33.582114 64.956472 35.642615 32.931988 62.405809 4.609252 2.892484 2.730186 4.337393 4.942958 4.534650 11.931124 2.779286 4.589349 4.179097 12.558289 7.558912 7.105349 11.943098 10.747498 11.495214 10.569366 27.209513 7.519314 13.477744 7.224446 12.574220 7.109299 12.402914 7.223635 11.522304 10.023974 26.884699 10.653045 9.644005 22.682188 12.967888 12.191047 21.617263 16.108274 17.288297 15.958741 37.173832 12.805855 24.564307 12.308523 22.955065 12.171211 22.528968 12.357574 20.932087 14.754816 36.318312 15.761991 14.264201 38.225080 41.223210 40.166589 35.433476 34.260767 40.209876 3.381572 3.510637 2.938404 2.757560 3.047831 3.510402 3.384410 3.109823 3.762926 2.914668 2.874391 3.367760 2.559434 2.652805 2.931455 8.536821 8.954610 7.330483 7.161062 7.772673 8.846668 9.176807 8.709447 8.145848 9.905940 8.878773 8.894272 7.464915 7.461211 8.711156 7.638914 8.507620 7.533367 6.612720 6.943264 7.109117 7.943791 7.452832 6.595517 7.510619 7.743263 9.209211 8.392205 6.774746 7.332515 14.308001 14.888539 12.161963 12.287479 13.009138 15.112097 16.057191 14.633445 14.049104 16.968144 14.852448 15.117145 12.629580 12.672407 14.699953 13.132767 14.201942 12.959522 11.388263 12.245441 12.139842 13.452134 12.743145 11.180919 12.777989 12.899246 14.971513 14.093002 11.555176 11.995268 3.133017 15.782571 3.324799 3.152926 18.099450 1.524556 0.041958 0.041609 1.683363 1.520238 1.479036 30.035772 0.043042 1.895588 1.918086 2.571459 0.626014 0.610560 2.888049 2.659566 2.517188 8.999661 0.634783 3.009874 2.945765 8.961621 8.507891 9.296695 8.711067 8.491969 10.073022 2.771352 3.398246 2.922107 2.378014 3.026160 2.427133 2.730370 2.348834 3.084784 2.505666 2.453306 3.472590 2.399790 2.574147 3.433795 1.470542 1.657699 1.613271 1.423987 1.735099 1.363717 1.396113 1.367360 1.536592 1.411642 1.411782 1.644112 1.348653 1.463725 1.567216
 31.302061 35.494463 59.538046 58.712450 30.550997 2.943957 4.109316 4.125892 2.507132 4.824187 4.645327 2.779286 11.247555 4.014491 3.843525 7.626360 11.387041 11.447338 6.552780 7.634449 13.195830 12.812135 7.227290 9.595433 11.185515 25.532227 9.309586 9.524048 10.739849 25.367966 8.872005 6.551608 7.235303 11.084151 10.678566 13.074873 20.713756 20.842245 11.265691 12.963812 23.855922 23.346130 12.439187 14.216518 16.729331 34.219325 13.932479 13.935248 15.906233 33.766086 13.113933 11.189937 12.551775 20.117073 19.557194 35.577049 42.254839 36.470484 34.787018 33.391189 33.117435 3.271818 3.069138 2.575981 2.733063 2.371666 3.608220 3.271477 3.259706 3.221550 2.848826 2.926090 2.667618 2.529870 2.581957 2.500261 8.283479 7.809177 6.632776 7.070355 6.212279 8.365677 9.261394 8.414512 8.435919 8.294614 7.795812 9.057667 7.367403 7.642738 6.844507 6.610374 8.255398 7.215698 6.597594 6.598518 6.885004 8.224845 7.346689 6.452812 6.280060 6.087615 8.162517 6.922902 6.593859 6.537738 14.039711 13.131668 11.520811 12.252276 10.842163 14.001466 15.765914 14.179458 14.464372 14.045430 13.020206 15.254348 12.396763 13.020576 11.672322 11.510821 13.920772 12.356218 11.471759 11.152771 11.453716 13.872015 12.281808 10.922874 10.556564 10.749986 13.846302 12.183158 11.226349 11.239783 3.044580 3.226589 15.345395 16.550404 2.891889 0.042127 1.361587 1.581978 0.034367 1.527465 1.640388 0.044116 29.796478 1.276269 1.545236 0.654455 2.577732 2.752841 0.613190 2.767202 2.908338 0.618493 8.984334 2.492034 2.687732 9.064083 9.185255 7.694024 8.527884 7.403327 7.531370 2.870645 2.796918 2.632861 2.702216 2.213924 2.801820 2.534195 2.893095 2.303875 2.718021 2.814525 2.201756 2.326340 2.722611 2.536701 1.375286 1.412846 1.367394 1.353753 1.203589 1.369018 1.365184 1.411751 1.246575 1.344478 1.380767 1.228855 1.398701 1.354756 1.344397
 32.303714 36.287122 61.267056 31.366206 59.789622 3.006704 4.225243 2.613390 4.225563 4.914583 2.951999 4.589349 4.014491 11.505687 3.915085 7.772801 11.711220 6.812945 11.735867 7.786862 13.509256 7.640600 12.702613 9.854520 11.340026 9.370969 25.977223 6.794485 7.652673 10.987338 10.758119 9.746148 10.599956 26.133540 9.105311 13.323039 21.333683 11.671258 21.334709 13.281892 24.534669 13.125575 23.251881 14.629650 17.029063 13.947546 35.071625 11.598242 13.168659 19.864845 19.576568 14.280776 15.759662 35.092317 13.530382 35.072911 41.152692 37.339273 36.885664 34.220843 36.342338 3.106315 3.033418 2.631788 2.822790 2.541243 3.558296 3.472315 3.056678 3.541714 3.089527 2.867691 3.007213 2.730594 2.721465 2.753816 8.006773 7.762643 6.768015 7.283346 6.620332 8.038827 9.233270 9.039604 8.033426 9.247201 7.822957 9.040144 7.943050 7.511690 7.828325 6.779796 8.674575 7.825302 6.937689 6.856406 7.132767 7.788783 7.338630 7.040728 7.061682 6.532693 8.792233 7.618173 7.136193 7.019999 13.777213 13.230217 11.837847 12.457846 11.583437 13.794246 16.031860 15.443518 14.010490 15.761757 13.329357 15.347441 13.363879 12.961081 13.305889 11.687537 14.449181 13.027562 11.778812 11.646634 11.846911 13.318904 12.427860 11.848763 12.045499 11.313250 14.696055 13.120246 12.220071 11.765030 3.166875 3.139126 16.024664 2.866305 16.965971 0.041721 1.529361 0.036217 1.717154 1.574424 0.041924 1.665349 1.456981 29.865420 1.526338 0.633892 2.668476 0.616549 2.904993 2.730691 0.604384 2.932978 2.484515 8.988812 2.698568 8.241437 8.252323 7.899811 8.793041 8.186683 8.585304 2.491008 2.605228 2.418553 2.991990 2.332680 2.660826 2.961977 2.274974 2.827214 2.993144 2.642253 2.855294 2.898360 2.813478 2.965607 1.349600 1.396329 1.402734 1.425969 1.358693 1.399815 1.480035 1.327599 1.446463 1.541632 1.373047 1.462079 1.478319 1.490168 1.508365
 29.304444 32.686200 30.401927 55.611987 55.667221 2.712693 2.490299 3.808427 3.781001 2.872243 4.285385 4.179097 3.843525 3.915085 10.744435 7.012445 6.514492 10.565098 10.455052 7.037269 7.427437 11.888918 11.666269 6.494048 7.429583 10.665364 10.771608 8.802500 9.882851 8.862641 24.211526 8.766870 9.606716 9.110687 24.224022 12.028695 11.188375 19.367525 19.128827 12.023154 12.717341 21.908562 21.567141 11.077604 12.831745 19.465307 19.839738 12.988161 14.639047 13.013284 32.198042 12.902375 14.261061 13.490642 32.298972 31.229073 38.979528 35.106218 33.712656 32.936063 31.708240 3.116561 2.876606 2.478689 2.553655 2.433391 3.430711 3.198769 3.087184 3.293736 2.959638 2.871210 2.826269 2.581250 2.523578 2.460000 7.991911 7.368893 6.379278 6.658572 6.351006 7.981823 8.877571 8.251711 8.122602 8.613749 7.320129 8.689205 7.625687 7.538654 7.320663 6.401053 8.074273 7.434683 6.697578 6.457211 6.528126 7.782175 7.225998 6.586283 6.310357 6.214860 8.262469 7.163623 6.552439 6.384957 13.534755 12.416570 11.190592 11.624006 10.875779 13.264523 15.162139 13.952016 13.928042 14.594105 12.183214 14.628177 12.688092 12.763013 12.184636 10.974552 13.510763 12.317618 11.428971 11.002521 10.810151 13.094204 11.981204 11.055826 10.612522 10.578987 13.759812 12.155591 11.184069 10.947733 2.750913 2.819522 2.700761 15.441527 15.503842 0.036042 0.033254 1.496594 1.421001 0.034981 1.461117 1.515281 1.456338 1.354605 29.851216 0.556536 0.561989 2.472287 2.497406 0.574294 2.572375 2.651280 2.493572 2.508841 8.986634 6.511949 7.718882 7.502059 7.690676 7.884001 6.576561 2.484892 2.279170 2.212706 2.182491 2.118574 2.488867 2.334120 2.403100 2.466723 2.856830 2.683356 2.261499 2.533886 2.466852 2.190280 1.343428 1.256056 1.296602 1.314152 1.312899 1.332375 1.281077 1.352142 1.320436 1.422260 1.388706 1.332468 1.423894 1.378851 1.316747
 137.498179 181.847676 95.169388 88.883290 88.499763 28.010919 11.071970 10.537293 10.317677 14.075895 13.190467 12.558289 7.626360 7.772801 7.012445 68.834154 27.079277 25.770577 25.242350 60.287592 31.813186 29.874554 28.524405 29.593593 38.889783 19.824011 20.015192 28.093341 36.356081 19.779405 18.203262 27.441328 34.684755 20.287668 18.322083 98.946483 41.412284 39.424648 38.754865 80.677589 46.987503 44.121185 42.398213 51.834270 70.719730 33.583840 34.204573 49.260629 65.583928 33.481650 31.185764 48.002019 63.183237 34.645824 31.490172 96.487342 107.148072 105.690255 90.675213 94.197062 97.700350 8.613805 8.504320 7.184548 7.145039 7.589930 9.786988 8.680653 8.361118 9.327503 7.830641 7.594549 8.092367 6.825378 6.556171 7.099833 21.585694 21.687043 18.229452 18.621831 19.021751 22.612515 25.223546 22.283865 21.898093 24.413311 21.766741 24.742106 19.870891 19.892336 20.929507 18.414187 21.905575 20.146444 17.471424 17.134567 18.136030 21.071828 19.436819 17.404167 18.175054 19.274413 22.978238 20.501186 16.804563 18.126321 36.514635 36.681385 31.055417 32.371556 31.763494 38.694190 43.609886 37.684747 37.914985 41.566182 36.787108 41.341327 33.294214 34.238173 35.032503 32.027030 36.851403 34.406479 30.370503 30.259801 30.893487 35.577005 33.347549 29.347826 30.943278 32.578178 38.073815 35.529519 29.265611 31.013880 38.645582 44.102697 9.883137 9.897770 9.146834 65.263599 3.443787 3.361182 3.077355 6.696257 7.229377 6.754068 0.234687 0.216277 0.209125 21.766750 7.490021 7.463398 7.076570 8.076395 7.991549 7.815933 2.123185 2.002039 1.976527 22.530907 21.657764 25.434728 21.792267 24.934689 24.565939 7.330843 7.783154 7.703638 6.712222 8.246557 7.863505 7.145261 7.027716 7.501942 7.802186 6.865063 7.791461 7.268356 6.727627 8.442539 3.779947 3.974274 3.746464 3.627753 3.882469 4.044890 3.656476 3.719986 3.766953 3.967648 3.703211 3.958523 3.485257 3.595582 3.916401
 128.759433 93.641582 167.024365 81.887641 82.162165 11.130778 26.167384 9.655230 9.647203 13.467266 7.866768 7.558912 11.387041 11.711220 6.514492 27.079277 64.472078 23.706244 23.674737 29.631145 37.370902 20.331145 19.655029 55.940755 30.296390 25.802178 26.367796 25.620923 20.375541 31.377503 16.932243 25.789785 19.582293 32.521368 17.032521 41.411792 92.055614 36.343584 36.310798 51.815157 67.703980 34.579913 33.677106 73.781354 44.700462 37.487730 38.598208 44.519065 34.722888 56.121982 28.939564 45.171977 33.612006 58.747807 29.172255 86.353193 104.761674 99.320702 90.629856 86.157034 86.252723 7.815313 7.637775 6.423079 6.912671 6.256153 9.460201 8.222297 8.028701 8.574025 7.388831 7.605704 7.402791 6.322279 6.316340 6.367128 20.078421 19.607291 16.650321 17.984330 16.246219 20.242978 24.178618 21.306978 21.009650 22.155457 19.439116 23.750339 18.875838 19.800379 18.965555 16.406445 20.725610 18.873154 16.339813 16.127527 17.370569 20.154206 19.185525 16.257822 16.379842 16.005693 21.527947 18.963896 16.455845 16.441518 34.533897 33.526487 29.098015 31.253125 28.217509 34.540191 41.565680 36.355780 36.440260 37.484719 32.841429 39.530102 31.789461 33.829816 31.896431 28.569284 35.001232 32.269551 28.697202 27.760899 28.914654 33.926847 32.158126 27.634656 28.293493 27.752872 36.179288 33.021570 28.520477 28.564007 35.477381 9.166738 42.997599 8.717580 9.059936 3.230223 65.408169 2.793773 2.981909 6.505688 0.183134 0.194782 6.951286 6.798555 0.189828 7.172565 21.769721 6.671275 6.950000 7.959259 2.014482 1.974194 7.725484 7.919347 1.969111 20.207174 21.981779 23.334481 23.214107 19.773310 19.559982 6.415819 6.856268 6.446192 6.789653 6.039720 7.622116 6.593019 6.701574 6.957862 6.957900 7.513590 6.857390 5.894154 6.270138 6.722544 3.395703 3.437090 3.362289 3.440089 3.181904 3.667276 3.443885 3.490777 3.475047 3.561900 3.703290 3.543749 3.342173 3.472396 3.466823
 123.916923 89.436212 83.567905 159.680205 77.642798 10.560079 9.619340 25.331946 9.049941 8.045514 12.649301 7.105349 11.447338 6.812945 10.565098 25.770577 23.706244 62.516788 22.168595 28.171626 20.756620 35.308164 18.484300 25.707855 20.792303 31.914285 17.553228 53.808659 28.228156 25.572776 23.565211 24.265498 18.459020 17.843658 29.739838 39.496599 36.458155 89.422363 34.057505 49.441874 35.279516 64.247996 31.736452 45.149182 35.595011 57.476431 29.947997 70.366082 40.970657 36.738344 34.147728 42.625837 31.895895 30.528264 54.404832 83.795779 104.448372 91.839473 84.723461 86.419335 83.017622 7.799230 7.140324 6.311682 6.860468 6.370801 8.860207 8.117273 8.274124 8.289120 7.318408 7.521739 7.041390 6.525710 6.267849 5.946106 19.758209 18.246233 16.153099 18.038479 16.439740 20.183866 22.721648 20.939914 21.552637 21.360673 18.382694 22.518035 18.735417 19.621393 18.234002 16.198536 20.470311 18.616545 17.083385 16.322962 17.059233 20.711685 19.003632 16.404660 15.384873 16.101232 21.015939 17.870374 16.051495 15.627552 33.760813 30.999472 27.819614 31.365606 28.052134 33.977278 39.014744 35.253687 36.950609 36.228007 31.228376 38.076341 31.195104 33.491443 30.722798 28.027216 34.510692 31.393717 29.649614 28.199366 27.889406 34.592206 31.448041 27.448300 26.399457 27.376864 35.364114 31.014137 27.519378 27.741424 33.477991 8.740199 8.297268 43.559553 8.079205 2.861231 2.405210 65.210234 2.649748 0.162623 7.230917 0.173074 7.169253 0.160498 6.751056 6.753901 6.312449 21.763130 6.244334 1.930023 8.112078 1.779081 7.851496 1.831973 7.753344 19.859758 22.743668 20.255243 19.659502 19.972876 18.469767 6.311087 5.715668 5.960619 6.790801 6.264077 6.594863 6.118822 7.333680 6.082078 6.844340 7.171008 6.171567 6.236161 6.569344 5.389025 3.214108 3.119684 3.293033 3.400734 3.274184 3.380732 3.319826 3.625100 3.277484 3.489383 3.670791 3.265674 3.445007 3.484415 3.210064
 123.273623 87.995670 82.966229 76.782948 159.144946 10.355918 9.621409 9.049736 25.296223 7.927975 7.306795 11.943098 6.552780 11.735867 10.455052 25.242350 23.674737 22.168595 62.448771 27.569904 20.447009 18.898922 33.463273 25.801684 20.496820 17.067771 32.681590 24.239366 18.954760 17.009244 29.213542 53.590275 26.673329 26.250061 23.510115 38.680376 36.333757 34.003289 89.102486 48.585471 34.800650 32.298964 61.512312 45.502799 35.182452 28.909514 59.536649 42.858968 32.482126 28.873149 53.579034 69.941757 38.940944 37.877084 34.138487 80.014202 95.985326 90.638854 89.449870 83.127096 90.948066 7.430007 7.412687 6.439178 6.400680 6.489845 8.487399 8.359908 7.538149 8.404579 7.433815 6.869161 7.199710 6.622439 6.884462 6.753555 19.043501 18.970196 16.562821 16.622919 17.005491 19.243325 22.042215 21.756601 19.570280 22.310560 18.728399 21.361296 19.338705 18.053817 19.091727 16.472632 20.881441 18.837158 16.844320 17.573291 16.303659 19.103091 17.440458 17.074735 17.611460 16.195199 20.722884 17.898579 17.656421 16.755044 32.542749 31.955575 29.027188 28.885086 29.587516 32.656321 38.276283 37.232630 33.721889 39.029718 31.271783 35.923693 33.096842 30.697712 32.787131 28.085207 34.565466 31.503307 28.371938 30.030500 27.320945 31.940570 29.534005 28.980906 30.185084 27.204749 34.290332 30.738531 30.145642 27.895704 33.407650 8.049874 8.573394 8.009911 43.735201 2.624023 2.805653 2.672925 65.399965 0.162281 0.163763 6.392065 0.190717 7.576859 6.549358 6.328149 6.440326 6.151407 21.778207 1.829291 1.725803 7.798599 1.835911 8.087613 7.690970 17.000249 18.497822 19.749182 20.160913 20.622136 20.727068 5.806953 6.445738 6.012716 5.721527 6.477430 6.022242 6.543740 5.721283 6.145603 7.240223 6.231894 6.450639 6.751880 7.470690 7.543074 3.121607 3.264847 3.279218 3.130008 3.400750 3.217867 3.536704 3.162759 3.339729 3.725505 3.301030 3.418321 3.527870 3.854110 3.560173
 177.437662 145.276978 95.571460 89.218804 88.888454 28.281284 13.208981 12.546232 12.275543 12.116212 11.280160 10.747498 7.634449 7.786862 7.037269 60.287592 29.631145 28.171626 27.569904 70.117889 29.625830 27.641211 26.447281 36.807622 32.079398 19.844192 20.039242 34.864375 29.881679 19.768758 18.273440 34.066737 28.425598 20.335478 18.370538 80.150087 43.010643 40.902995 40.192678 101.665443 45.887319 42.897708 41.295572 66.396130 56.552406 33.633840 34.250745 63.028945 52.524032 33.451776 31.324617 61.460385 50.252617 34.760614 31.556582 94.638449 107.883011 103.635576 95.561507 97.902534 96.772281 8.361382 8.334721 7.238465 7.290606 7.234743 9.733875 8.990461 8.574760 9.428764 8.000052 7.717674 7.919909 7.147328 6.846008 7.124292 21.162996 21.310996 18.638726 19.021971 18.367975 21.944990 25.087907 23.188683 22.629995 24.564449 21.241658 24.646478 20.464683 20.249927 20.468115 18.373593 22.525949 20.368815 18.320707 17.751955 18.374533 21.391588 19.654469 18.180944 18.232163 18.457552 23.348014 20.194131 17.579648 18.283982 36.115192 35.961455 32.200099 33.149638 31.188775 37.647614 43.329928 39.501713 39.398814 41.728543 35.867502 41.272016 34.549891 35.031601 34.424447 31.707713 37.555069 34.394007 31.699290 30.836774 30.905751 35.842287 33.373872 30.767698 31.102767 31.486146 38.601406 34.898955 30.659099 31.555945 49.396452 34.837863 9.856660 9.840733 9.088929 65.417212 8.313135 8.060411 7.537819 2.701559 2.992593 2.715586 0.237086 0.217725 0.207507 21.779119 8.948601 8.846249 8.419273 6.959330 6.797919 6.593145 2.137201 2.023730 1.978270 22.475329 21.863616 24.459651 23.076135 26.244863 23.723078 6.875061 7.521058 7.860957 6.925927 7.559874 7.531890 7.393368 7.133031 7.583097 7.802969 6.904763 7.232235 7.794228 7.181694 8.303631 3.683280 3.853882 3.805848 3.689776 3.726044 3.979776 3.748825 3.782539 3.812927 4.002070 3.753778 3.872368 3.691878 3.727258 3.912542
