 837.373947 390.072402 386.013547 376.112330 401.727516 60.792368 60.448505 58.957815 60.635263 34.159639 33.698500 35.091855 31.657383 34.657163 34.210267 129.213106 129.136105 125.899940 130.904314 166.818906 87.873139 85.737136 89.767452 165.249401 86.769242 81.290079 88.593024 161.838219 86.108984 82.014053 87.265641 163.952323 88.385116 87.878261 86.776677 183.537076 183.695946 179.684628 188.215352 296.967133 150.126245 144.645910 152.687046 293.210885 147.913882 139.374025 151.240097 289.362023 146.650029 141.574405 148.352834 287.759165 147.246157 147.907376 144.424176 368.287292 416.000769 393.551350 417.991891 404.976938 390.491502 32.164842 30.510595 30.984599 28.922491 30.354823 34.258876 34.369608 33.226590 34.017512 33.013341 32.032727 31.791057 33.511283 33.569558 31.872242 82.778870 77.918809 80.548731 74.917095 78.313744 81.236559 86.328139 87.751529 84.968227 87.037246 78.654005 88.023110 85.273199 82.307549 81.900598 77.285263 87.269443 83.110804 84.631475 84.569845 73.541582 84.061506 80.395143 85.419771 81.338185 78.109909 87.354579 82.019421 87.439728 82.111671 141.194936 132.873518 139.149438 130.310181 133.539852 136.205636 145.727796 150.241441 144.960346 146.987981 133.460708 151.297048 146.450693 138.757275 139.579324 128.753136 147.089965 138.733278 141.333812 140.914811 124.810266 142.169399 133.944071 144.767236 136.362884 133.804122 150.006476 140.885218 150.543122 140.946914 298.891143 48.855525 49.673144 48.662300 48.576004 94.395324 94.314597 94.339004 94.390379 3.618701 3.582114 3.631685 3.817374 3.684241 3.754308 35.651534 35.653002 35.650975 35.653927 11.340928 10.998586 11.138812 10.994694 11.229654 11.027736 90.806574 95.617295 94.341329 103.720909 102.438517 94.443565 29.047640 28.358230 31.166721 30.456894 27.799589 30.163169 33.376024 31.473463 30.029108 32.040172 31.731339 29.164094 34.323168 32.672221 31.751187 15.547910 15.429023 16.320635 16.010031 15.312198 15.783052 16.839800 16.431554 15.891682 16.601026 16.508239 15.756650 17.213072 16.743306 16.464664
 390.072402 868.961426 400.809223 390.559535 417.307469 61.468429 34.647520 33.464698 35.065187 62.523944 62.230364 64.026972 32.862756 35.929034 35.605690 167.220727 88.759102 85.952572 90.787234 131.993573 134.441049 132.728004 137.467101 88.342556 169.792348 84.224658 91.671395 85.838464 169.508156 85.101781 90.728552 88.183785 172.683750 91.103595 90.244512 297.995787 151.486252 147.827181 156.464275 188.120088 192.546421 187.643239 196.433555 149.592828 302.419186 144.502560 156.550577 146.786345 300.892037 146.852361 154.154356 147.200885 300.815455 153.370293 149.992566 430.071536 426.060013 437.018330 372.817873 374.155546 427.586754 35.526072 35.728000 31.086900 30.355373 35.799973 37.216662 31.940550 32.155255 36.318354 32.721402 31.925546 35.721275 29.660077 32.501949 31.701007 89.524849 89.807028 78.024925 75.962694 90.345296 91.082487 94.365173 80.989021 81.814156 93.971882 91.674265 94.507294 82.111176 80.347514 91.191651 80.896061 83.611086 85.233876 76.301084 84.821456 79.656682 82.511730 82.368620 76.011508 83.089484 91.937456 92.026149 91.614154 82.828701 80.283438 149.601060 150.772285 130.397834 127.482042 150.474903 155.225767 160.414618 137.700560 138.065536 160.633028 155.500054 159.846156 136.768045 133.059403 154.272740 141.015269 145.442192 147.018518 129.443232 146.743006 139.842357 141.981223 141.724677 129.372890 143.641301 157.171279 156.451801 156.879817 139.841858 135.799773 50.153535 298.892448 51.208489 51.319442 51.283855 94.413987 3.992065 3.772094 3.765026 94.519599 94.511155 94.576987 3.878529 3.749620 3.711471 35.658511 11.378684 11.178323 11.332319 35.665118 35.659722 35.659153 11.260476 11.406867 11.528306 111.687614 98.967576 109.050362 89.656900 91.634190 106.484640 34.718795 37.329911 31.339576 32.823935 37.391466 34.740425 28.930699 29.864347 33.576213 31.873052 31.511082 36.214332 27.710058 30.555277 31.589273 17.796653 18.473198 16.644493 17.057023 18.369704 17.693274 15.998432 16.176624 17.407305 16.716416 16.643604 18.215922 15.282745 16.428660 16.680495
 386.013547 400.809223 853.873238 382.677683 411.046538 34.408898 60.971115 32.987330 34.625323 62.436629 34.502899 35.991287 58.300704 62.736215 34.914768 87.687994 166.776384 84.768752 89.678561 88.293628 171.092123 87.627003 91.937450 130.286533 132.748992 124.688634 134.330074 84.712692 88.178488 160.534183 89.070729 87.177964 90.697132 170.453995 88.579441 149.672224 297.197826 145.711819 154.502549 150.229324 304.578254 147.563354 156.309718 184.770584 189.219863 177.915869 192.215330 145.044196 150.265402 287.733724 151.486618 145.871452 151.375983 300.386409 147.538858 394.052285 431.190837 402.973482 399.690355 399.961223 406.552048 33.869148 32.416736 31.549037 29.943028 32.620302 34.965628 33.442258 34.107509 35.557596 32.249672 32.267721 33.149794 32.210733 33.510831 31.412193 86.727770 82.037698 80.783337 76.791974 83.455946 85.750505 87.995860 85.148142 86.700739 91.224493 83.568784 90.228209 82.709083 82.522393 85.281540 79.879387 86.296775 82.476797 82.344747 85.556211 76.692105 86.444209 81.410021 82.022464 81.296995 83.787938 90.836949 85.004999 86.319806 80.750173 147.397358 138.197822 136.854407 131.584835 140.882918 144.372637 148.509794 145.359725 146.455720 154.553632 141.961003 155.699083 141.003583 138.632267 145.424291 135.004144 148.586188 139.585733 138.910929 144.420780 131.455314 146.523164 136.588631 138.583346 138.872379 143.290605 155.758163 145.196824 147.005288 139.123383 50.108391 50.306641 298.891906 47.912573 50.585858 3.787943 94.310208 3.690832 3.695063 94.531633 3.636461 3.616764 94.165389 94.492724 3.625235 11.357376 35.654314 11.032082 11.282418 35.658330 11.051933 11.266133 35.643756 35.654817 11.128400 99.663898 101.687025 98.626927 98.970355 100.226278 99.506161 31.907140 31.646145 31.976453 32.049642 31.747001 31.222202 31.430763 33.364831 32.695557 30.776238 32.311877 31.661399 31.500819 32.579945 30.987286 16.737881 16.662407 16.825960 16.831309 16.716620 16.545449 16.588370 17.007104 16.855828 16.505274 16.722500 16.619766 16.794427 16.841114 16.541090
 376.112330 390.559535 382.677683 835.131993 401.422426 33.374884 33.130588 58.916699 33.734676 33.921292 60.991304 35.154687 57.553600 34.437254 61.791858 85.140363 84.990967 162.007261 87.460866 85.573015 87.053939 165.938289 89.747230 84.624052 86.200026 157.868847 87.998696 125.637804 130.066820 123.565589 131.531721 84.998883 88.659632 87.422722 168.120582 145.668652 145.281162 291.009265 150.934913 145.544860 148.442967 292.649868 152.378035 143.506467 147.255949 282.723058 150.407699 178.530414 184.586001 176.754912 186.546589 142.096551 147.678088 147.134056 293.316718 380.046347 419.015047 396.585052 401.424580 395.426299 393.406642 33.238210 31.277136 31.138328 29.080532 31.577710 35.089691 33.636116 33.365876 34.154372 32.908889 31.598131 32.334912 31.988659 33.086710 31.563033 84.817848 79.598366 80.047122 74.854972 80.795107 84.178993 88.392962 85.955096 85.189855 87.824128 80.511519 90.204609 84.197997 80.794983 83.287292 78.509462 86.237072 83.476136 81.443534 84.067405 74.373506 84.329111 79.914691 81.678136 80.921037 81.192998 87.568422 82.993830 85.660875 81.101683 143.580361 135.046058 136.758509 129.199674 136.468713 141.108297 148.696165 146.939534 144.059826 148.924376 136.743329 154.211419 142.584538 135.865693 141.709915 131.936978 146.919232 139.663945 136.981838 141.095211 127.355707 142.666976 134.225754 138.366910 136.402803 138.916724 150.650105 141.964982 146.490315 139.044702 48.255016 48.848063 46.811265 298.889647 49.662972 3.652913 3.618175 94.382948 3.628228 3.612318 94.477239 3.595675 94.189573 3.570933 94.480611 10.861547 10.803695 35.657560 11.077694 10.855750 35.656023 11.278546 35.646834 11.049076 35.655923 93.250293 96.727994 94.876755 98.537717 99.022369 94.972910 30.799750 29.662020 31.427331 30.618055 29.988811 31.264113 31.937207 31.529690 29.700672 31.867450 30.939081 30.285900 31.268950 31.522838 31.405392 16.132313 15.839432 16.395791 16.090362 15.882145 16.418053 16.673790 16.510512 15.988015 16.581104 16.303590 15.990327 16.529119 16.416042 16.329850
 401.727516 417.307469 411.046538 401.422426 888.162068 35.818382 35.631195 34.548938 63.026951 36.467051 36.216668 64.835464 33.822239 63.903410 63.195557 91.285143 91.310796 88.832278 173.112604 91.641080 93.455342 91.852533 176.066830 90.761498 92.453881 86.679538 173.837102 88.448654 92.295855 87.408525 171.287214 133.822831 138.300089 136.805654 135.573488 155.933586 155.888119 152.751597 309.385821 155.596971 159.302634 154.432701 311.098986 153.611771 157.601918 148.521428 308.889440 150.946606 156.721666 150.485892 302.698039 188.763381 195.321903 194.685855 191.245602 405.223102 443.133598 415.498039 423.478720 417.145829 415.186731 35.058917 33.649880 32.874952 31.334813 33.834292 36.243826 35.256348 34.902362 36.792523 34.068942 33.540305 34.094573 34.370958 34.163829 33.601055 89.658778 85.434400 84.380217 80.547736 86.325386 89.053144 91.393293 90.045157 89.445489 94.232341 86.593842 93.521591 87.532667 85.780160 87.805527 83.010365 90.449238 86.560999 87.477323 87.128978 80.042406 88.330386 84.817026 87.296128 86.088549 87.163322 94.173696 87.642190 88.710764 86.438770 152.185023 144.028274 143.631250 138.199719 144.980429 149.739964 153.979729 153.750598 152.039097 158.662718 146.947347 161.135119 149.273779 144.148064 149.450243 139.710215 154.336759 145.470604 146.655968 146.953432 136.457303 149.649105 141.904198 146.978298 144.816639 148.796630 161.343413 149.598062 152.298039 147.848790 51.591914 52.097323 52.415196 52.216037 298.891310 3.749833 3.764956 3.815122 94.521303 3.717749 3.793032 94.578889 3.949135 94.502481 94.428376 11.471032 11.510305 11.481060 35.653642 11.479874 11.633737 35.657355 11.454240 35.659586 35.659634 103.591621 106.000110 102.104627 108.114119 105.678645 103.592723 33.526676 33.003696 34.089918 34.051474 33.073134 32.610090 34.325306 33.767670 33.998450 33.443090 33.506621 32.674275 35.197006 32.669719 34.266862 17.785242 17.595940 17.813121 18.011274 17.719334 17.560172 17.899608 17.874205 17.857172 17.596179 17.822067 17.417336 18.180636 17.570878 17.983901
 60.792368 61.468429 34.408898 33.374884 35.818382 11.370812 4.508328 4.336436 4.517290 4.495584 4.438473 4.617598 2.758034 3.016098 2.977186 25.732218 10.442310 10.060164 10.578420 25.894585 10.502786 10.275996 10.748673 12.380033 12.279732 7.181617 7.817601 11.980566 12.160546 7.254969 7.708831 12.262329 12.494246 7.758129 7.652846 34.855458 15.552617 15.081109 15.943357 35.177858 15.766910 15.233238 16.080555 22.302997 22.260571 12.373478 13.428987 21.828480 22.012271 12.597074 13.191067 21.810961 22.093231 13.133648 12.791678 37.236569 39.060372 38.797215 36.507926 35.972778 38.288101 3.116216 3.088034 2.884186 2.714031 3.109658 3.346264 3.070346 3.004974 3.262240 3.052449 2.974680 3.149455 2.905072 3.083189 2.937925 7.931285 7.841437 7.366450 6.914032 7.921330 7.944282 8.463859 7.818210 7.671004 8.407202 7.918634 8.512220 7.739943 7.532485 8.064337 7.346348 7.895460 7.834137 7.415721 7.905698 7.044514 7.660895 7.592249 7.420601 7.612456 7.962471 8.309840 8.099803 7.923487 7.498404 13.401679 13.301867 12.508881 11.852948 13.322794 13.446215 14.365009 13.327854 13.031342 14.312196 13.417259 14.452694 13.060842 12.531098 13.667593 12.527979 13.493723 13.321815 12.485829 13.422746 12.220244 13.105327 12.912032 12.631699 13.003959 13.561544 14.214403 13.930624 13.469824 12.783769 16.991655 16.237642 3.261423 3.160957 3.172766 29.851212 1.753606 1.679773 1.681180 1.581177 1.560564 1.587654 0.044701 0.042456 0.043015 8.988066 2.833999 2.766569 2.804318 2.772895 2.696426 2.748926 0.632751 0.639976 0.628641 9.082230 8.527454 8.808773 8.328244 8.456129 8.975205 2.717268 2.909913 2.743232 2.710128 2.957591 2.890305 2.701742 2.641245 2.792372 2.777099 2.780733 2.887347 2.659652 2.799367 2.774610 1.442830 1.490296 1.439623 1.446637 1.498283 1.466951 1.424615 1.407888 1.452549 1.450146 1.454754 1.485987 1.406955 1.466264 1.446199
 60.448505 34.647520 60.971115 33.130588 35.631195 4.508328 11.333414 4.313195 4.488190 4.548131 2.919438 3.042160 4.215334 4.578821 2.961144 10.407580 25.748905 10.022196 10.532498 12.455344 12.562897 7.535286 7.898347 25.753203 10.489327 9.806742 10.637055 11.912340 7.575332 11.704412 7.669426 12.187732 7.778450 12.474594 7.616508 15.492772 34.925484 15.024529 15.881756 22.549464 22.778068 12.771147 13.524219 34.850513 15.637048 14.670201 15.917755 21.709016 12.986463 21.436545 13.119687 21.737020 13.052240 22.292893 12.737967 35.031465 39.682015 37.120763 37.996281 38.027115 36.971284 3.030203 2.897621 2.906014 2.742075 2.869562 3.277637 3.160151 3.134956 3.209456 3.012224 3.017611 3.003998 3.080354 3.092001 2.921101 7.819230 7.376444 7.515720 7.082915 7.390885 7.651089 8.192601 8.017028 7.995506 8.222642 7.462414 8.435109 7.747247 7.731811 7.729061 7.278432 8.117092 7.655105 7.833239 7.844538 6.970730 7.940442 7.586631 7.831118 7.494232 7.380733 8.238303 7.727486 8.012076 7.552701 13.400296 12.570648 12.885425 12.278186 12.600318 12.863623 13.751006 13.685366 13.606427 13.931191 12.667235 14.475748 13.292449 13.051194 13.182597 12.182945 13.875858 12.910760 13.178941 13.187138 11.867162 13.481715 12.664945 13.221795 12.703980 12.679447 14.212441 13.275067 13.784246 13.081231 16.794486 3.210230 16.613283 3.133137 3.184222 1.678127 29.783578 1.645672 1.642578 1.610096 0.040488 0.040401 1.676577 1.618519 0.041233 2.832284 8.987778 2.751333 2.783740 2.825683 0.630831 0.633386 2.721456 2.788929 0.628210 8.172324 8.631761 8.447700 8.855452 9.140533 8.513450 2.599657 2.580222 2.808184 2.811001 2.479855 2.788658 2.849956 2.856290 2.711322 2.700909 2.885468 2.645442 2.967758 2.848827 2.730398 1.389349 1.383577 1.452208 1.443369 1.353988 1.423694 1.454314 1.466598 1.419406 1.436701 1.474539 1.407375 1.510177 1.447868 1.444333
 58.957815 33.464698 32.987330 58.916699 34.548938 4.336436 4.313195 11.021931 4.353688 2.858520 4.366468 2.947601 4.124945 2.907125 4.450977 10.012761 10.008881 25.038502 10.215198 11.976566 7.454951 11.958146 7.649405 11.866833 7.373088 11.408617 7.542069 25.025256 10.112809 9.647395 10.286508 11.844980 7.536801 7.480986 12.156862 14.936121 14.934907 33.993345 15.413702 21.724130 12.795170 21.525981 13.085205 21.437999 12.646753 20.830260 12.953896 33.880838 15.044954 14.491111 15.282205 21.139906 12.623230 12.648283 21.536872 33.875183 38.415481 36.452927 37.629107 37.039142 35.463640 2.944516 2.797164 2.832940 2.635703 2.789647 3.192611 3.133133 3.049278 3.065220 3.034494 2.934336 2.931014 3.013716 3.015433 2.867936 7.590448 7.152405 7.344739 6.807754 7.173992 7.436322 8.044697 7.981616 7.781476 7.845257 7.196367 8.179328 7.780040 7.505288 7.524452 7.087745 7.984543 7.664503 7.645404 7.624336 6.702551 7.697595 7.380102 7.657499 7.329426 7.180265 7.904242 7.564152 7.857050 7.399314 12.970423 12.228190 12.660709 11.849849 12.194455 12.505652 13.589542 13.650200 13.246166 13.301947 12.222203 14.001497 13.241084 12.621571 12.771634 11.832761 13.493434 12.811936 12.805798 12.755064 11.401654 13.016021 12.355011 12.966932 12.340911 12.312103 13.651700 13.027826 13.538948 12.787116 16.106728 3.039670 3.085117 16.224762 3.098790 1.616192 1.612756 29.807716 1.618382 0.040084 1.600899 0.039711 1.683922 0.040566 1.653082 2.678078 2.681240 8.989421 2.710402 0.622016 2.713273 0.618069 2.704870 0.626968 2.736853 7.777658 8.420650 8.183874 8.746974 8.856442 8.004857 2.497862 2.416946 2.703201 2.652783 2.433730 2.658050 2.853075 2.722216 2.476474 2.772701 2.766395 2.563883 2.888181 2.695368 2.689607 1.342479 1.326149 1.401992 1.357593 1.313317 1.383764 1.440173 1.404799 1.329998 1.433876 1.402838 1.364242 1.447941 1.414428 1.381399
 60.635263 35.065187 34.625323 33.734676 63.026951 4.517290 4.488190 4.353688 11.431702 2.996376 2.965763 4.640344 2.785540 4.568245 4.517926 10.461363 10.452445 10.152207 26.121258 12.412496 7.807579 7.645019 12.702450 12.279171 7.718132 7.250802 12.515095 11.976484 7.683413 7.316356 12.343899 25.764032 10.672380 10.562653 10.454135 15.625934 15.625480 15.258913 35.656731 22.411017 13.404544 12.950631 22.894181 22.098743 13.236389 12.485747 22.668109 21.719388 13.144688 12.677375 22.242667 34.638326 15.707543 15.683549 15.370209 35.490600 39.778719 37.499870 39.411132 37.849079 37.058001 3.092301 2.957670 2.948430 2.796691 2.944805 3.311289 3.202565 3.149386 3.221066 3.129863 3.038142 2.985751 3.158655 3.123213 3.032587 7.938254 7.539609 7.635532 7.192783 7.554913 7.830638 8.325027 8.194506 8.052963 8.252988 7.621577 8.491030 8.057783 7.769314 7.696572 7.390456 8.166997 7.896635 7.987312 7.912558 7.127129 7.962098 7.658095 8.037352 7.756771 7.590175 8.272912 7.726056 8.121750 7.778582 13.547867 12.827825 13.147250 12.400221 12.790607 13.168397 14.000114 14.095010 13.712312 13.955549 12.938872 14.549709 13.814950 13.064298 13.158192 12.386016 13.854738 13.212141 13.330423 13.254565 12.102982 13.482853 12.773765 13.603031 12.988748 13.005718 14.281605 13.333392 14.030626 13.301407 16.880758 3.162380 3.230456 3.192178 16.384997 1.639561 1.638900 1.657815 29.907697 0.040254 0.041009 1.618501 0.043509 1.631346 1.659359 2.785253 2.780987 2.777408 8.986826 0.631226 0.628788 2.754998 0.627292 2.759179 2.719106 8.278835 8.805991 8.543182 9.448310 8.956000 8.573689 2.730067 2.677383 2.851430 2.857038 2.614333 2.841208 2.925135 2.853528 2.696477 2.954379 2.829184 2.553240 3.063491 2.845707 2.920980 1.437273 1.436543 1.487683 1.485396 1.421803 1.466681 1.501149 1.480570 1.434514 1.499097 1.496072 1.406898 1.549652 1.473639 1.511063
 34.159639 62.523944 62.436629 33.921292 36.467051 4.495584 4.548131 2.858520 2.996376 11.569798 4.520229 4.681087 4.309876 4.672439 3.025117 12.291941 12.497590 7.450911 7.875185 10.484708 26.367454 10.451564 10.896864 10.514623 26.161477 9.998010 10.826083 7.447291 12.386501 11.974159 7.833196 7.648475 12.667974 12.731559 7.775584 22.265409 22.605238 12.868589 13.648082 15.679672 35.940950 15.488263 16.329037 15.594648 35.527682 14.971010 16.220296 12.820724 22.427279 21.925009 13.411583 12.861365 22.481298 22.771499 13.015349 38.903168 40.027719 39.345792 35.889226 36.404153 38.938497 3.219200 3.172676 2.926977 2.843584 3.227021 3.380222 3.028286 3.110776 3.356150 3.032191 3.019115 3.201852 2.877224 3.064783 2.923808 8.193580 7.974877 7.403386 7.209638 8.163752 8.227176 8.543599 7.686845 7.911164 8.655130 8.198944 8.650763 7.673667 7.669763 8.220386 7.521364 7.901665 7.843387 7.386159 7.909412 7.351620 7.913946 7.694452 7.337398 7.623694 8.292338 8.538674 8.216990 7.846934 7.482677 13.858514 13.446384 12.430542 12.238201 13.660750 14.008043 14.468783 13.113963 13.357316 14.773731 13.956764 14.777559 12.911963 12.810836 13.997392 12.947897 13.720252 13.418011 12.545548 13.558070 12.735468 13.490495 13.084706 12.418234 13.156299 14.172544 14.592914 14.092191 13.311214 12.848732 3.233938 16.633516 17.263612 3.183404 3.191571 1.658288 1.761945 0.042517 0.042730 29.932052 1.623309 1.595246 1.716670 1.667784 0.041025 2.775708 2.825176 0.634071 0.630958 8.994062 2.736116 2.749343 2.774710 2.809675 0.624507 9.589050 8.792476 9.180825 8.257516 8.487606 8.998245 2.896424 3.041068 2.797962 2.945827 3.118369 2.893841 2.603213 2.813647 2.931578 2.782917 2.870317 2.973638 2.608467 2.757974 2.715488 1.531314 1.544722 1.474310 1.513943 1.560863 1.513482 1.427355 1.468965 1.508348 1.460709 1.486807 1.529483 1.399635 1.437543 1.452693
 33.698500 62.230364 34.502899 60.991304 36.216668 4.438473 2.919438 4.366468 2.965763 4.520229 11.502625 4.678855 4.288975 3.031683 4.647477 12.155088 7.592879 12.048474 7.800359 10.333209 10.527713 26.061248 10.871557 7.558456 12.347262 11.824175 7.856249 10.137021 26.080488 10.032426 10.740772 7.571591 12.672912 7.798526 12.658524 22.125606 13.041114 22.020570 13.544464 15.433155 15.781242 35.189955 16.246235 12.877533 22.436828 21.578356 13.514797 15.137375 35.345011 15.091925 15.973190 12.710639 22.415976 13.197062 22.329111 38.263628 39.338036 39.509111 36.077550 35.866288 38.585121 3.225545 3.151550 2.910908 2.760083 3.152817 3.432583 3.065811 3.058172 3.255078 3.088139 2.953759 3.219586 2.878465 3.067877 2.925850 8.179300 7.963739 7.380764 6.976202 7.988325 8.215071 8.682975 7.812081 7.769756 8.428830 8.107616 8.736215 7.802091 7.490727 8.219799 7.479909 7.945265 7.973448 7.388045 7.909540 7.184863 7.806307 7.582675 7.345487 7.588004 8.115196 8.306002 8.273748 7.884146 7.466458 13.737185 13.473076 12.456675 11.871386 13.376076 13.902714 14.679317 13.301045 13.095996 14.411041 13.770953 14.779681 13.076804 12.511999 13.892268 12.823397 13.659898 13.570520 12.467039 13.486826 12.524749 13.321827 12.974654 12.461665 12.985012 13.919720 14.267293 14.162420 13.383436 12.715554 3.121035 16.523833 3.150482 17.232930 3.213717 1.604030 0.044281 1.643849 0.041213 1.615834 29.902611 1.601960 1.694232 0.040027 1.639309 2.694986 0.627726 2.763474 0.625646 2.721847 8.991018 2.796403 2.778865 0.627129 2.856371 9.248516 8.504250 9.194239 8.288918 8.450401 9.108174 2.937666 2.986250 2.755398 2.777114 3.002858 3.031139 2.659423 2.686591 2.682572 2.834895 2.725733 2.997812 2.596571 2.756035 2.716380 1.504187 1.535993 1.472827 1.449345 1.508425 1.536728 1.456055 1.431578 1.459786 1.500143 1.448006 1.534023 1.407703 1.462510 1.438679
 35.091855 64.026972 35.991287 35.154687 64.835464 4.617598 3.042160 2.947601 4.640344 4.681087 4.678855 11.867938 2.889746 4.712251 4.679736 12.621174 7.909801 7.687395 12.827949 10.753276 10.919889 10.816765 26.959922 7.863654 12.735123 7.513174 12.864799 7.665195 12.778864 7.588030 12.751715 10.656265 26.841282 10.908400 10.849142 22.899102 13.583485 13.302963 23.377186 16.064420 16.404953 16.021581 36.665676 13.395401 23.049071 12.960359 23.276308 13.167778 23.001204 13.154203 22.926687 15.705898 36.194170 16.231203 15.971166 40.002311 41.044379 40.263645 37.445385 37.154245 39.190301 3.345228 3.322973 3.033901 2.896627 3.284192 3.467228 3.181644 3.136313 3.413119 3.145046 3.081393 3.318587 2.980035 3.097101 3.037230 8.467150 8.358869 7.684403 7.332112 8.301652 8.543943 8.777101 8.068091 7.999283 8.769937 8.538695 8.867125 7.993017 7.813610 8.466400 7.764091 8.244878 8.090313 7.645399 7.979934 7.510883 8.000287 7.876597 7.584131 7.855852 8.494374 8.721679 8.524305 7.997186 7.769273 14.231776 13.997958 12.927050 12.440053 13.824901 14.512215 14.853404 13.692817 13.552008 14.867644 14.478544 15.153956 13.469123 13.031499 14.271400 13.319420 14.189474 13.777373 12.911760 13.636534 13.070480 13.694599 13.363859 12.855708 13.389768 14.584499 14.946404 14.523811 13.665348 13.252230 3.253653 17.376967 3.256312 3.311261 17.217695 1.654210 0.044734 0.040867 1.635642 1.632686 1.654431 29.974791 0.044290 1.638601 1.627927 2.826488 0.636302 0.636603 2.800449 2.799548 2.862351 8.990881 0.628711 2.795232 2.830842 9.900141 9.161266 9.450948 8.849938 8.776170 9.172087 3.098532 3.264210 2.950345 3.024706 3.150916 2.979781 2.872932 2.811152 2.935530 2.886851 2.878512 3.138229 2.732684 2.714905 2.896272 1.598753 1.658734 1.535449 1.551649 1.631856 1.580114 1.516889 1.502629 1.546549 1.537001 1.546057 1.604674 1.464370 1.494518 1.513444
 31.657383 32.862756 58.300704 57.553600 33.822239 2.758034 4.215334 4.124945 2.785540 4.309876 4.288975 2.889746 10.746229 4.359956 4.349838 7.146455 11.637280 11.427267 7.333760 7.184590 11.896902 11.739232 7.497933 9.775683 9.943555 24.380823 10.124828 9.593161 9.951289 24.461197 10.079530 7.123394 7.396648 11.928022 11.895221 12.277105 21.186524 20.934843 12.714530 12.283692 21.573743 21.098904 12.822801 14.487754 14.825156 32.928234 15.136153 14.300634 14.800755 33.122057 14.979746 11.969758 12.406895 21.392029 21.135898 34.057622 37.475355 35.306466 35.914286 35.548766 35.894187 2.909054 2.766764 2.796925 2.592614 2.861702 3.069576 2.964890 2.979320 3.077049 2.845238 2.817686 2.909233 2.866731 2.973896 2.815212 7.447321 7.034096 7.184676 6.672449 7.321217 7.382514 7.728006 7.582178 7.596374 7.929518 7.135600 7.916181 7.302554 7.236134 7.517506 7.032714 7.596434 7.247576 7.289581 7.602557 6.620309 7.517003 7.078815 7.307095 7.223611 7.327918 7.847036 7.401854 7.628967 7.229903 12.702725 11.926137 12.239159 11.523354 12.400633 12.449258 13.044617 12.990169 12.870809 13.518821 12.143102 13.639592 12.477963 12.201922 12.840220 11.798325 12.996058 12.220902 12.257683 12.821109 11.334312 12.705075 11.863782 12.362958 12.261554 12.498043 13.481098 12.604541 13.041247 12.393760 3.060526 3.029570 15.498039 15.689149 3.096656 0.042606 1.575377 1.604695 0.041010 1.569021 1.586545 0.040049 29.694145 1.569044 1.573701 0.612579 2.645515 2.679633 0.618081 2.654458 2.686466 0.608497 8.978476 2.695489 2.699933 7.891756 8.138188 8.012511 8.357803 8.346315 8.119199 2.490802 2.396510 2.690165 2.538505 2.559499 2.520559 2.614387 2.648389 2.559285 2.508165 2.600353 2.592733 2.609996 2.707832 2.602759 1.308844 1.297366 1.370497 1.331743 1.339819 1.331712 1.350605 1.360791 1.336286 1.324332 1.339972 1.336549 1.374379 1.370976 1.367841
 34.657163 35.929034 62.736215 34.437254 63.903410 3.016098 4.578821 2.907125 4.568245 4.672439 3.031683 4.712251 4.359956 11.662536 4.588455 7.800625 12.577220 7.581149 12.643863 7.842496 12.837357 7.805280 12.877821 10.613914 10.776079 10.136842 26.484877 7.565195 7.854505 12.074264 12.522463 10.506597 10.863397 26.456540 10.638439 13.395093 22.782834 13.099910 23.065194 13.415396 23.224983 13.219683 23.222755 15.765913 16.106147 15.187387 36.047548 13.001715 13.444874 22.004139 22.568781 15.513276 16.039735 35.853073 15.677229 37.044128 40.807576 37.704605 39.105124 38.587518 38.414124 3.209913 3.061792 3.036507 2.849130 3.108805 3.296037 3.232745 3.193493 3.371443 3.063818 3.080961 3.085253 3.171341 3.167291 3.042059 8.216554 7.757272 7.817118 7.348958 7.946268 8.125058 8.305190 8.258808 8.191220 8.636804 7.910341 8.513127 7.934983 7.918305 7.969145 7.622160 8.272689 7.784243 8.069542 8.062693 7.271547 8.062331 7.737917 8.049904 7.813013 7.989139 8.618451 7.933589 8.218652 7.844116 13.946797 13.088857 13.309968 12.652377 13.371317 13.655019 14.008607 14.148670 13.943806 14.582441 13.444975 14.697494 13.684814 13.334209 13.668110 12.796088 14.137189 13.144718 13.535880 13.608067 12.436077 13.669175 12.944905 13.572509 13.243005 13.608582 14.769674 13.597383 14.154314 13.509600 3.243942 3.178871 17.397943 3.211625 16.720532 0.041048 1.670829 0.040519 1.614301 1.640064 0.040022 1.596523 1.738732 29.918851 1.622125 0.627896 2.826812 0.632176 2.760883 2.810293 0.620241 2.757428 2.805919 8.988933 2.745249 8.864177 9.258487 8.561856 9.267849 9.239737 9.009979 2.873135 2.829546 2.981623 2.895508 2.865515 2.721619 2.981536 2.899693 2.930844 2.782996 2.936048 2.757891 3.095190 2.914771 2.912091 1.516465 1.510878 1.540188 1.542773 1.523961 1.488833 1.520879 1.528551 1.527023 1.489443 1.530165 1.474927 1.580439 1.522434 1.534266
 34.210267 35.605690 34.914768 61.791858 63.195557 2.977186 2.961144 4.450977 4.517926 3.025117 4.647477 4.679736 4.349838 4.588455 11.606305 7.709795 7.706230 12.314781 12.514197 7.737973 7.871411 12.677232 12.763968 7.661519 7.793636 11.987912 12.539227 10.315596 10.745940 10.166165 26.248774 10.401105 10.810223 10.643026 26.394138 13.267788 13.236818 22.523146 22.852083 13.223101 13.499900 22.671171 22.940339 13.045055 13.385087 21.837645 22.693553 15.379512 15.973785 15.276230 35.504547 15.337604 15.933934 15.821715 35.558906 36.536098 40.462645 37.303297 38.952047 38.395093 38.068960 3.177116 3.006995 2.981017 2.821614 3.063374 3.309769 3.240862 3.191604 3.327376 3.155943 3.053723 3.057761 3.132506 3.156395 3.099849 8.133903 7.639934 7.682996 7.250351 7.824729 8.040370 8.334764 8.285471 8.166870 8.541989 7.732960 8.540303 8.123287 7.829539 7.922047 7.504076 8.285794 7.945707 7.952481 8.006712 7.224463 8.078855 7.697944 7.988439 7.930936 7.861438 8.508049 7.833925 8.210140 7.935972 13.822839 12.899138 13.165617 12.518255 13.171397 13.521152 14.037954 14.203792 13.892343 14.459575 13.151906 14.717534 13.835878 13.194642 13.568190 12.624040 14.120379 13.231521 13.355872 13.472836 12.360548 13.686104 12.851146 13.513264 13.304154 13.401014 14.607609 13.406750 14.128896 13.550288 3.199436 3.185027 3.182593 17.627718 16.450189 0.040353 0.040297 1.694239 1.577021 0.040453 1.675929 1.565952 1.731643 1.576542 29.892184 0.625122 0.630618 2.851304 2.732481 0.619075 2.892797 2.779728 2.819399 2.740687 8.989721 8.561553 9.016812 8.284811 9.091162 9.193076 8.895106 2.830706 2.728054 2.885211 2.898459 2.803656 2.791127 2.990953 2.883048 2.839176 2.962474 2.857850 2.684342 2.967500 2.841785 3.036648 1.478507 1.448322 1.495419 1.514630 1.476699 1.479574 1.526921 1.531477 1.496514 1.512956 1.518861 1.442483 1.543581 1.498656 1.549523
 129.213106 167.220727 87.687994 85.140363 91.285143 25.732218 10.407580 10.012761 10.461363 12.291941 12.155088 12.621174 7.146455 7.800625 7.709795 63.310164 25.420956 24.506131 25.818938 55.162513 27.834027 27.290396 28.488013 27.668014 33.943400 18.582874 20.194039 26.782674 33.657879 18.772628 19.939542 27.483149 34.554326 20.050846 19.803606 91.104833 39.090235 37.941313 40.144795 73.478120 40.982064 39.681344 41.808823 48.402265 61.607320 31.854677 34.519344 47.362558 60.972254 32.417423 33.945380 47.448314 61.203892 33.784451 32.947115 93.959934 97.053725 97.250502 88.823682 87.977380 95.482111 7.796601 7.786635 7.138678 6.766966 7.837229 8.376944 7.513465 7.391962 8.142696 7.524372 7.354504 7.871807 7.080444 7.558318 7.240028 19.794023 19.726732 18.138212 17.146705 19.894728 19.927022 21.189238 19.105556 18.859685 20.995146 19.952595 21.286136 19.011032 18.579482 20.132092 18.279453 19.417686 19.401721 18.105518 19.468298 17.628112 18.884899 18.837040 18.091375 18.817766 20.087505 20.711195 20.256862 19.388816 18.450029 33.388060 33.371161 30.649488 29.228045 33.344119 33.841441 35.955809 32.541774 31.974358 35.746153 33.822322 36.069408 31.965496 30.850121 34.112047 31.355519 33.347417 33.130194 30.526512 33.231517 30.714923 32.404955 32.154617 30.770940 32.270167 34.244538 35.371869 34.871257 32.914286 31.414283 35.579026 43.803341 9.182147 8.964953 8.999828 65.284158 3.172640 3.012907 3.001377 6.950405 6.890913 7.003923 0.210244 0.199708 0.202569 21.767742 6.879832 6.723462 6.825461 7.989311 7.810338 7.946309 1.924987 1.942300 1.922542 22.866971 21.176213 22.185012 20.092950 20.498224 22.346150 6.815775 7.372037 6.797134 6.766785 7.516161 7.293070 6.510057 6.420308 6.969531 6.788683 6.848148 7.241053 6.401193 6.775272 6.789107 3.608349 3.740526 3.550266 3.584353 3.755894 3.676855 3.483301 3.453631 3.615026 3.573515 3.592584 3.706468 3.417548 3.580347 3.548414
 129.136105 88.759102 166.776384 84.990967 91.310796 10.442310 25.748905 10.008881 10.452445 12.497590 7.592879 7.909801 11.637280 12.577220 7.706230 25.420956 63.618655 24.531463 25.842909 27.943756 34.896951 19.579280 20.512529 55.060113 27.924416 26.217884 28.317863 26.766154 19.675985 32.611278 19.935333 27.471510 20.207400 34.676608 19.809546 39.100106 91.717080 37.995209 40.204152 49.151989 63.376325 33.037752 34.958265 73.066857 40.837467 38.436542 41.579131 47.342339 33.559659 59.688648 33.931904 47.552185 33.756844 62.123791 32.992672 88.533588 99.174486 92.648338 94.086112 94.003811 92.527019 7.616215 7.298433 7.256927 6.867642 7.259376 8.156986 7.839201 7.794048 8.033396 7.495610 7.506809 7.522844 7.616822 7.717048 7.252932 19.606927 18.543252 18.728699 17.682785 18.646479 19.262094 20.406376 19.891261 19.869433 20.607026 18.805830 21.011537 19.248706 19.229610 19.353856 18.217972 20.170133 19.083783 19.396070 19.609240 17.514066 19.765199 18.897457 19.374880 18.662230 18.670083 20.596859 19.339181 19.960704 18.733606 33.535923 31.496739 32.014154 30.552361 31.698621 32.427109 34.290671 33.953102 33.771799 34.951909 31.955392 36.099302 32.967780 32.433143 33.017501 30.590567 34.548172 32.207579 32.665924 33.004282 29.892740 33.604006 31.590158 32.706985 31.745730 32.043325 35.522621 33.201874 34.280163 32.438658 35.400361 9.055807 44.910535 8.867874 9.051099 3.020494 65.185848 2.958507 2.938331 7.084448 0.190873 0.190078 7.360153 7.133035 0.194456 6.893712 21.767704 6.706601 6.808164 8.140845 1.920759 1.927082 7.903849 8.061296 1.921096 20.763821 21.657367 21.021562 21.885092 22.387973 21.179545 6.554370 6.521895 7.003282 7.030718 6.321920 6.886379 7.018842 7.078910 6.779048 6.707577 7.161901 6.641448 7.259632 7.116273 6.734437 3.493065 3.483164 3.629564 3.618952 3.420969 3.545718 3.612706 3.636893 3.537173 3.572876 3.678847 3.514935 3.735354 3.608098 3.580042
 125.899940 85.952572 84.768752 162.007261 88.832278 10.060164 10.022196 25.038502 10.152207 7.450911 12.048474 7.687395 11.427267 7.581149 12.314781 24.506131 24.531463 61.959132 25.115938 26.899095 19.408361 33.374645 19.928260 26.688419 19.193029 31.913768 19.644103 53.441142 27.024985 25.857511 27.557001 26.721191 19.641316 19.495456 34.028575 37.786317 37.823392 89.568958 39.129062 47.361433 33.151393 60.183099 33.930680 46.782893 32.757504 58.276954 33.579460 70.933769 39.423791 38.043500 40.132981 46.257346 32.740941 32.810701 60.387721 85.413669 96.166463 91.063700 93.373327 92.000207 89.443435 7.424172 7.055328 7.088276 6.620552 7.085165 8.010791 7.787239 7.627717 7.738435 7.586674 7.291635 7.361079 7.471537 7.548116 7.193585 19.103887 18.005930 18.328080 17.062937 18.185795 18.766740 20.198175 19.846270 19.453882 19.845255 18.155528 20.524405 19.407156 18.655665 18.912388 17.791059 19.892779 19.198834 18.977205 19.138537 16.871412 19.269884 18.370722 19.002789 18.416486 18.214560 19.893319 18.975085 19.619997 18.513986 32.590078 30.708413 31.524452 29.615697 30.846845 31.562473 34.093002 33.930370 33.037072 33.663973 30.832337 35.123394 32.939016 31.380646 32.156364 29.772127 33.720280 32.107412 31.819270 32.088537 28.747014 32.613516 30.820541 32.172431 31.050062 31.170170 34.301387 32.640257 33.732526 31.902177 33.927274 8.624640 8.719934 44.236532 8.853040 2.903101 2.893389 65.239273 2.893285 0.188888 7.057269 0.187189 7.391769 0.191318 7.286816 6.533469 6.544895 21.774194 6.643583 1.892844 7.883789 1.897450 7.879340 1.918147 7.972474 19.507213 20.976730 20.255014 21.660909 21.859056 20.209425 6.284748 6.109794 6.736120 6.631410 6.248401 6.684712 7.031726 6.786057 6.302969 6.922693 6.781670 6.457464 7.075645 6.736648 6.732925 3.379594 3.335442 3.503888 3.404661 3.330603 3.478174 3.580094 3.504438 3.357671 3.578325 3.485168 3.419006 3.586364 3.531517 3.460627
 130.904314 90.787234 89.678561 87.460866 173.112604 10.578420 10.532498 10.215198 26.121258 7.875185 7.800359 12.827949 7.333760 12.643863 12.514197 25.818938 25.842909 25.115938 64.869918 28.152722 20.489541 20.084164 35.476482 27.902178 20.256645 19.063057 34.996147 27.204620 20.175342 19.228745 34.527805 55.447826 28.645048 28.376052 28.117258 39.852792 39.898649 39.001880 94.087759 49.368674 35.006476 33.864406 63.970569 48.753990 34.569307 32.661917 63.427978 47.889587 34.334665 33.139139 62.228371 73.186419 41.425953 41.382319 40.613908 90.145357 100.136141 94.532639 98.450013 94.923234 93.756197 7.808753 7.481441 7.437728 7.059427 7.493455 8.326046 8.037389 7.892417 8.152365 7.868109 7.625259 7.573882 7.901235 7.828420 7.661860 20.023118 19.053043 19.212770 18.137763 19.199808 19.809805 20.943895 20.572842 20.200521 20.915016 19.281319 21.362559 20.222434 19.493321 19.526611 18.668504 20.524726 19.875830 20.002892 19.878145 18.012836 19.962095 19.255201 20.106581 19.598334 19.290910 20.900107 19.553081 20.335300 19.633859 34.158292 32.381562 32.983798 31.221023 32.453519 33.359903 35.239524 35.372533 34.400900 35.378833 32.761054 36.625616 34.587183 32.780128 33.356840 31.326258 34.889561 33.271317 33.430960 33.377220 30.655829 33.852410 32.173103 33.996264 32.842868 33.016365 36.027029 33.674323 35.100333 33.522378 36.102772 9.040625 9.239754 9.174345 44.642533 2.973533 2.978075 3.017734 65.404755 0.190015 0.194229 7.125600 0.205885 7.178299 7.302164 6.846528 6.852204 6.845584 21.767935 1.931490 1.937016 8.007717 1.932063 8.019028 7.931700 21.135814 22.181266 21.597307 23.582255 22.422485 21.761649 6.902576 6.764555 7.240106 7.237242 6.731944 7.147929 7.379278 7.137694 6.853930 7.424496 7.110233 6.549205 7.628274 7.077616 7.457215 3.638019 3.639450 3.746491 3.762195 3.621091 3.699142 3.780648 3.716517 3.635063 3.769100 3.777728 3.578615 3.885369 3.704894 3.824605
 166.818906 131.993573 88.293628 85.573015 91.641080 25.894585 12.455344 11.976566 12.412496 10.484708 10.333209 10.753276 7.184590 7.842496 7.737973 55.162513 27.943756 26.899095 28.152722 64.135682 25.790104 25.174216 26.334240 34.580471 27.746580 18.687512 20.306158 33.467171 27.459305 18.878311 20.014058 34.126494 28.201173 20.162293 19.879457 73.348019 40.797733 39.517518 41.618416 92.648671 39.948654 38.513519 40.630560 62.361406 48.851388 32.029372 34.703377 61.069272 48.314495 32.621611 34.075347 60.891312 48.503131 33.993260 33.091687 91.170824 97.751996 95.616394 93.341786 91.656270 94.782932 7.738035 7.553072 7.234220 6.769735 7.603823 8.291718 7.791136 7.615900 8.098497 7.669342 7.472694 7.784302 7.446686 7.762432 7.385014 19.757855 19.207052 18.568225 17.348466 19.441660 19.656887 20.936075 19.856499 19.442710 20.838871 19.414146 21.155222 19.549000 19.003924 19.962704 18.317187 19.953448 19.565907 18.962716 19.806436 17.466665 19.361663 18.965993 18.985354 19.055576 19.476626 20.680196 20.008981 20.017390 18.904282 33.470912 32.666765 31.701320 29.916060 32.825240 33.136419 35.464093 33.893487 33.087829 35.439991 32.912421 36.032398 33.155515 31.738947 33.866397 31.012696 33.975037 33.097168 31.855595 33.461804 30.122659 32.987733 32.062183 32.274260 32.403759 33.196420 35.468556 34.355248 34.160647 32.328338 46.126570 34.360825 9.296872 8.976273 8.971087 65.274062 7.683145 7.369723 7.377214 2.859599 2.827835 2.872363 0.210056 0.200099 0.202165 21.769800 8.245177 8.061754 8.135237 6.818796 6.610681 6.727213 1.942791 1.962638 1.922236 21.986924 21.164784 21.538834 21.354912 21.539427 22.018999 6.730237 6.969273 6.831306 6.728230 7.076053 7.076480 6.904731 6.705474 6.862324 6.971578 6.970266 7.053958 6.917759 7.033479 6.962039 3.562296 3.636459 3.586347 3.586940 3.647768 3.614591 3.581187 3.546958 3.586087 3.614624 3.640107 3.650671 3.582810 3.663091 3.618986
