 644.547788 163.802223 124.575184 124.186988 89.849214 118.067688 49.944944 32.994836 30.957001 23.531435 31.925560 11.856159 11.023873 7.041921 11.143765 9.618856 6.389455 9.408762 6.912793 9.041182 6.706683 93.872347 65.472027 62.890949 47.652197 63.362082 147.775911 31.917628 30.019941 19.506253 30.179561 98.066595 33.099825 26.224102 17.756861 25.945886 89.809654 29.842817 26.028470 19.145343 24.611473 67.872600 19.777281 18.030723 19.837740 18.913157 97.159933 32.071250 26.410060 25.490159 18.541664 116.123221 82.901545 80.301505 59.636921 80.089357 273.126008 54.266926 52.070195 35.214809 51.284495 186.241647 57.649537 45.443145 31.978699 44.869829 168.355512 51.197143 44.529054 33.511828 41.981584 125.127336 35.501931 32.049335 35.194172 32.609424 193.025974 58.275328 47.150900 45.881664 32.957930 298.886174 93.883055 61.052645 57.609205 47.835788 59.504573 76.997332 74.769850 74.216935 73.365742 74.405187 3.978341 3.535074 3.186413 4.337459 3.120239 2.855448 3.753525 2.957126 3.387033 3.222240 28.575919 28.534002 28.524648 28.509751 28.530331 11.545150 10.566780 8.717609 11.212864 9.430993 8.205824 9.495640 8.603308 9.289726 8.427157
 163.802223 596.985863 115.588303 114.589153 84.462753 108.303792 46.238585 11.503014 10.689608 6.915919 10.979180 31.405815 29.657840 22.800356 29.753256 8.701679 5.797100 8.463637 6.173883 8.053656 5.936087 132.082220 30.707659 28.962269 18.950455 29.498240 90.422581 61.483650 58.910806 45.241434 58.279756 32.383336 92.786701 23.641475 16.097379 23.340028 29.212470 85.479093 23.513971 17.045759 21.871066 19.623166 65.329499 16.265956 17.526622 16.583255 31.809222 89.506733 23.740610 22.623067 16.439854 242.783887 53.228066 50.684124 34.070244 50.990184 113.884548 75.964515 73.440764 55.875990 71.833041 57.256990 171.024441 40.533736 28.753220 40.049173 51.113204 153.762730 39.651854 29.494023 36.879126 35.685920 117.838369 28.658430 30.753561 28.377006 58.696856 169.939204 41.866075 40.247705 29.062573 73.458366 298.885214 47.778658 47.331050 41.041107 45.134072 76.460805 3.724371 3.393020 3.177423 3.891505 74.689728 74.568943 74.092064 74.324139 2.670928 2.647308 2.989036 2.650259 2.817707 2.656668 28.562530 10.265393 9.402435 7.631662 9.854110 28.513441 28.517004 28.502794 28.512021 8.248149 7.104446 8.154331 7.255822 7.852985 6.972594
 124.575184 115.588303 567.698575 104.272482 79.216505 99.247388 11.909854 33.578712 8.546604 5.855729 8.669140 31.644364 7.910906 5.401006 7.887154 30.123855 23.371114 29.061204 5.253068 6.889076 5.211101 31.409031 100.446631 23.563824 16.246084 23.994631 32.231919 93.030966 21.577686 15.044287 21.583926 64.949352 61.534085 57.749339 44.835927 55.682093 23.694037 21.828727 87.218901 14.583556 18.883757 16.735492 15.270696 67.491590 14.883742 14.636868 24.879206 22.558643 86.655474 19.271622 14.361252 54.212472 195.526534 42.402557 29.802779 43.019837 55.605819 173.754280 37.803376 27.412106 37.283232 79.848065 74.990878 69.406894 53.889752 67.166391 41.859213 37.434602 158.927072 25.979553 32.569922 30.310184 27.166986 122.080235 26.381068 25.312991 45.785074 40.414683 165.423081 34.858028 25.932783 37.899273 32.206533 298.882810 40.679129 36.361523 37.124305 2.093118 74.679813 2.608537 2.836391 2.963357 74.646162 2.555791 2.674498 3.024900 74.944987 74.631225 74.562422 2.255936 2.476362 2.588066 8.279832 28.492355 7.115379 6.157477 6.898581 28.496120 6.758059 5.976537 6.475388 28.505757 28.498830 28.499950 5.691449 6.289009 5.768576
 124.186988 114.589153 104.272482 572.437187 80.574956 98.133170 11.440599 8.788003 33.357195 6.267335 8.490307 8.169769 31.375563 5.659990 7.649924 30.073215 5.161083 7.034972 24.020406 28.728305 5.256096 30.201301 24.049727 99.542324 17.139281 23.352789 30.968532 22.200562 92.210458 15.607328 20.939512 24.545664 22.761763 86.925352 14.134556 19.291481 63.817260 60.387935 57.676967 46.131230 54.765354 18.094523 16.112870 14.576456 69.677266 14.845975 24.378832 21.906367 19.703458 85.197850 14.417533 52.333363 43.069574 191.847294 30.772535 41.693427 54.113907 38.535673 173.779228 28.157115 36.361005 43.725475 39.606672 160.718878 25.703185 33.753187 77.743835 72.729155 69.209300 55.210964 65.491770 32.614565 28.479850 25.823557 126.563924 25.684670 45.032415 39.437044 35.480804 162.733655 25.921661 38.920296 32.113745 39.887987 298.880450 40.010001 37.833972 1.408167 2.403586 74.826112 3.313415 2.598285 2.337714 74.902339 2.842403 2.495077 75.188867 2.529859 2.442651 74.964833 74.949400 2.346181 7.584120 6.791280 28.495549 6.897292 6.600914 6.281656 28.497946 6.458829 6.031635 28.510450 5.972698 6.002468 28.506666 28.503235 5.863858
 89.849214 84.462753 79.216505 80.574956 545.788916 78.982415 6.639483 5.418441 5.711061 28.482063 5.656430 5.037282 5.161894 27.587595 5.020565 4.650482 26.620849 4.632068 26.569633 4.541085 26.555660 18.214358 15.301278 15.956574 85.694952 16.080105 18.705461 14.254179 14.514086 82.506819 14.292262 15.691475 14.516105 12.972956 78.858258 13.270075 16.466368 14.775340 13.208869 77.723439 12.865678 52.996394 51.121726 49.242716 49.895662 49.470941 16.352381 14.526568 13.139673 12.846794 78.351650 33.671116 28.967485 29.588356 167.201072 30.144926 34.975721 26.493589 26.923296 159.381743 26.452211 29.645510 26.850120 24.274454 151.272177 24.948365 30.354428 26.579756 24.254189 144.636413 23.408807 61.454479 58.796611 56.571513 57.676186 56.880754 30.870061 26.980396 24.642527 24.169542 149.046717 17.442328 14.863410 18.792792 20.933957 298.878749 20.518286 0.727861 1.516029 2.091884 74.300634 1.914754 1.538198 1.823394 74.584165 1.673803 1.643444 74.949596 1.777417 74.933509 1.818744 74.778418 3.574674 3.399107 3.965292 28.456507 3.632856 3.136613 3.647186 28.467546 3.288154 3.456492 28.476265 3.352173 28.476698 3.570920 28.472906
 118.067688 108.303792 99.247388 98.133170 78.982415 558.837248 10.960609 8.362533 7.968981 5.902795 32.916363 7.713954 7.243397 5.269723 30.087074 6.743878 4.933479 29.436304 5.053972 28.407900 24.219078 29.234673 23.230923 22.186612 16.510641 100.019592 29.870372 21.149670 19.984210 14.756333 89.301307 23.640165 21.754290 18.450787 13.825545 87.438640 22.245982 20.127968 18.528816 14.004181 82.757735 16.894484 14.852053 13.897109 14.371049 70.165763 63.392175 58.549371 56.244258 54.711614 46.256835 50.860617 42.080065 40.238473 30.320029 196.323938 51.826989 36.770502 35.335530 26.948192 167.607886 42.276755 38.133755 32.603374 25.522831 164.083411 39.330328 34.717117 32.175440 24.855828 150.474759 30.036518 25.980961 24.372543 25.247787 124.002265 78.117628 71.481172 67.787250 66.077421 55.092292 32.393563 27.048042 32.605108 33.566209 34.872831 298.884795 2.312717 2.906351 2.863511 3.006395 74.226912 2.809857 2.614458 2.620457 74.144622 2.431536 2.386564 74.474951 2.238336 74.550754 74.408426 7.422925 6.517863 6.496697 6.347312 28.483209 6.027020 6.013025 5.876685 28.479938 5.848159 5.741937 28.495439 5.466058 28.494126 28.494908
 49.944944 46.238585 11.909854 11.440599 6.639483 10.960609 11.528191 2.639061 2.327566 1.366599 2.506762 2.583916 2.307619 1.333278 2.417391 0.793257 0.474015 0.813048 0.508688 0.750276 0.493045 25.129903 5.702942 5.172596 3.009077 5.406926 26.411269 5.654847 5.131792 2.948375 5.288270 8.074512 7.762604 2.293620 1.369665 2.353830 6.898386 6.717932 2.275505 1.461075 2.147959 4.282740 4.113131 1.462520 1.584609 1.505144 7.973694 7.529030 2.421091 2.244148 1.425664 32.783072 7.607798 7.007810 4.038929 7.172833 35.392357 7.473015 6.889588 3.973408 6.956367 15.536592 14.481609 4.078664 2.445938 4.118816 13.295560 12.399185 4.022999 2.545729 3.753913 8.755805 8.189384 2.779993 2.979774 2.750590 16.226754 14.723993 4.410595 4.129665 2.519302 26.397143 27.753082 4.095793 3.708037 2.879844 4.101824 24.557060 1.769820 1.629802 1.497795 1.849739 1.840512 1.647927 1.479975 1.977317 0.033888 0.031718 0.043179 0.031864 0.036830 0.033944 7.232405 2.655757 2.340715 1.910693 2.586504 2.795992 2.504580 2.069990 2.763335 0.521294 0.426070 0.560557 0.420688 0.515036 0.433367
 32.994836 11.503014 33.578712 8.788003 5.418441 8.362533 2.639061 7.433515 1.663173 1.077732 1.723233 2.266762 0.692005 0.420406 0.726360 1.916794 1.173704 1.874713 0.398092 0.567769 0.391353 5.661435 16.910471 3.763633 2.395935 3.848990 7.764993 6.680334 1.956003 1.189309 2.035122 16.733784 5.086044 4.169652 2.541568 4.074973 5.057275 2.020614 5.633974 1.143226 1.634639 3.436094 1.306064 3.667797 1.235156 1.197560 5.467752 2.201795 5.765252 1.681902 1.122055 7.512466 22.437173 5.158944 3.221084 5.213788 14.398996 12.522128 3.447424 2.118266 3.476364 21.648822 6.709803 5.384276 3.310958 5.256925 9.856586 3.600177 10.499261 2.012490 2.870259 6.937025 2.488895 7.243329 2.301368 2.173428 11.117860 4.056303 11.289706 3.096235 1.997060 12.413014 2.785022 17.838427 2.902905 2.512777 2.822848 0.855027 23.310301 1.184477 1.289776 1.219717 1.670535 0.034458 0.032691 0.044584 1.412238 1.283051 1.634541 0.025649 0.031623 0.030602 2.077445 7.176041 1.684293 1.501858 1.664484 2.482087 0.432935 0.366505 0.441681 2.203097 1.940480 2.247449 0.342403 0.393057 0.357462
 30.957001 10.689608 8.546604 33.357195 5.711061 7.968981 2.327566 1.663173 7.302621 1.202844 1.623335 0.696141 2.106523 0.433847 0.664951 1.889566 0.380455 0.562121 1.282071 1.775977 0.397872 5.116096 3.752631 16.779645 2.637412 3.651142 6.776500 1.958579 6.238755 1.223515 1.869389 5.084198 2.057062 5.560401 1.086139 1.620695 16.110835 4.630984 4.105635 2.791580 3.849495 3.846493 1.351620 1.176574 4.043110 1.220710 5.122543 2.019091 1.665916 5.447416 1.139206 6.853902 5.118058 22.174029 3.484197 4.937435 12.806741 3.416092 11.964184 2.196778 3.230634 9.934317 3.679526 10.514911 1.970766 2.865141 20.467524 6.006634 5.269495 3.615709 4.930892 7.570708 2.526559 2.182602 7.926913 2.191293 10.396760 3.731581 3.052983 10.766237 2.042377 11.575831 2.264133 2.548476 17.481145 2.899343 2.580301 0.563571 0.983263 23.239803 1.593668 1.074094 0.032672 1.474962 0.033904 0.035396 1.345976 0.026486 0.031953 1.323041 1.440037 0.026843 1.747200 1.549713 7.169500 1.712430 1.530533 0.373584 2.270630 0.382717 0.371882 2.196649 0.356485 0.356790 2.073009 2.193171 0.371257
 23.531435 6.915919 5.855729 6.267335 28.482063 5.902795 1.366599 1.077732 1.202844 6.245480 1.110056 0.426372 0.436445 1.534594 0.430278 0.376889 1.414208 0.372640 1.494658 0.375488 1.464760 3.021749 2.421605 2.668947 14.319764 2.504625 4.201666 1.224799 1.254104 4.699519 1.240360 3.453962 1.279287 1.095531 4.326049 1.100574 3.843769 1.299519 1.109524 4.539863 1.104318 13.556391 3.263625 2.996428 3.243436 3.126043 3.597169 1.303403 1.104418 1.113737 4.465603 4.132153 3.329002 3.609690 18.751582 3.437401 8.671126 2.211630 2.302963 9.515217 2.233176 7.214891 2.340691 2.030825 8.679904 2.023476 7.743600 2.323132 2.002519 8.826386 1.980364 16.576864 4.048824 3.701605 4.048926 3.846696 7.576325 2.402145 2.036267 2.081083 8.851461 5.539544 1.103445 1.362001 1.770117 14.935239 1.494924 0.282449 0.614411 0.950447 22.905215 0.747497 0.020801 0.022376 1.323342 0.022864 0.018318 1.232625 0.021938 1.278138 0.020968 1.336555 0.860094 0.837542 1.031344 7.149587 0.882353 0.208473 0.251464 1.865384 0.218660 0.241544 1.908859 0.224245 2.024825 0.254439 1.993247
 31.925560 10.979180 8.669140 8.490307 5.656430 32.916363 2.506762 1.723233 1.623335 1.110056 7.122699 0.736577 0.670666 0.430257 2.154305 0.579763 0.383730 1.922835 0.407233 1.821851 1.318379 5.381615 3.857293 3.670021 2.481124 16.366494 7.436423 2.065888 1.897299 1.219389 6.432526 5.339420 2.176584 1.662870 1.104879 5.828182 4.968205 1.959274 1.671971 1.167427 5.438007 3.552914 1.329254 1.180276 1.260485 4.117547 16.094102 4.849066 4.178787 3.992674 2.808855 7.162240 5.268590 5.028531 3.355911 21.945553 13.859694 3.551897 3.337325 2.177538 12.114260 10.428946 3.870463 2.961921 1.999917 11.082588 9.636466 3.473209 2.950521 2.049443 10.129079 7.050777 2.474621 2.175071 2.308042 7.780200 21.084318 6.473546 5.436532 5.221474 3.597481 10.852845 2.682027 2.675209 2.765234 2.615505 17.276758 0.973523 1.227316 1.296991 1.390532 23.035407 0.041514 0.035633 0.032730 1.836210 0.030783 0.028384 1.669874 0.025874 1.546947 1.497156 1.918759 1.614751 1.610071 1.560773 7.170662 0.441296 0.428496 0.383566 2.397031 0.393501 0.365566 2.232612 0.363074 2.186586 2.033785
 11.856159 31.405815 31.644364 8.169769 5.037282 7.713954 2.583916 2.266762 0.696141 0.426372 0.736577 7.165737 1.543979 0.982927 1.585516 1.766051 1.088512 1.709326 0.361927 0.520345 0.353825 7.445270 6.705331 1.964187 1.190116 2.054269 5.661700 16.123170 3.432186 2.163436 3.487228 5.087954 16.107489 3.846109 2.352434 3.723424 2.041792 4.660807 5.178178 1.035190 1.488972 1.332528 3.107396 3.387222 1.114171 1.073024 2.247853 4.995269 5.259763 1.537730 1.014367 13.929716 12.935657 3.512809 2.108707 3.582167 7.549948 20.844986 4.590065 2.885013 4.581895 6.761321 20.599955 4.939492 3.042177 4.785880 3.724835 8.758892 9.546361 1.804252 2.580774 2.573961 6.175907 6.635178 2.059235 1.931094 4.238163 9.826271 10.218225 2.802987 1.793207 3.079114 12.069949 15.840204 2.523031 2.163770 2.449078 0.998737 1.506580 0.033785 0.035484 0.039113 23.363399 1.145453 1.204808 1.278318 1.177552 1.167338 1.301115 0.022389 0.023937 0.025049 2.079601 2.312881 0.431356 0.352343 0.444479 7.174052 1.674855 1.505283 1.643143 2.021272 1.761033 2.034852 0.292494 0.346370 0.305127
 11.023873 29.657840 7.910906 31.375563 5.161894 7.243397 2.307619 0.692005 2.106523 0.436445 0.670666 1.543979 7.069272 1.035522 1.442394 1.750715 0.341250 0.511199 1.154898 1.614140 0.349711 6.585086 1.936102 6.246876 1.209414 1.870833 5.129526 3.426090 15.957229 2.268633 3.205388 2.060670 4.720751 5.151872 0.973665 1.472769 4.629752 15.627589 3.806195 2.516653 3.494902 1.369046 3.271716 1.046972 3.604567 1.064311 2.051310 4.538724 1.512534 4.944043 1.000370 12.473030 3.449012 12.137184 2.135541 3.281335 6.906113 4.547755 20.632943 2.998250 4.239167 3.775094 9.042621 9.687839 1.749298 2.581603 6.051773 19.583529 4.839013 3.225232 4.439243 2.603166 6.376764 1.932233 7.007784 1.899514 3.890775 9.021892 2.750475 9.711391 1.778569 2.590117 11.258629 2.248395 15.729516 2.384749 2.189701 0.683655 0.030674 1.356890 0.039818 0.032906 0.972531 23.442234 1.299517 1.024161 1.166335 0.023654 0.022999 1.147231 1.211394 0.022233 1.756577 0.382867 2.111623 0.361512 0.375673 1.507658 7.174481 1.630601 1.451155 2.046453 0.301300 0.313071 1.817729 1.960234 0.305198
 7.041921 22.800356 5.401006 5.659990 27.587595 5.269723 1.333278 0.420406 0.433847 1.534594 0.430257 0.982927 1.035522 6.171840 0.951818 0.337166 1.327629 0.330715 1.380620 0.326905 1.340699 4.032928 1.194715 1.230302 4.684764 1.223890 2.982550 2.185225 2.293764 13.992525 2.131403 1.271096 3.147869 0.978022 4.067059 0.974511 1.300684 3.278009 0.988147 4.184026 0.955928 3.265525 13.338509 2.789694 2.957580 2.824291 1.313604 3.087569 0.982050 0.969660 4.102770 8.350573 2.184597 2.245754 9.510289 2.206202 4.120639 2.954611 3.090077 18.117050 2.885366 2.380904 6.465450 1.800264 8.117026 1.780837 2.384919 6.483107 1.772058 8.067069 1.701193 4.063167 16.174624 3.414564 3.648207 3.434988 2.480720 6.434972 1.808127 1.804236 8.131118 1.247801 5.395932 1.171818 1.441385 13.791121 1.218878 0.361365 0.019184 0.024215 1.287844 0.021807 0.638144 0.809715 23.239551 0.678697 0.015064 1.154385 0.015130 1.179405 0.015695 1.175252 0.854624 0.210697 0.241439 1.727870 0.214632 0.788973 0.948833 7.155700 0.801930 0.201727 1.763293 0.186465 1.801147 0.206509 1.754363
 11.143765 29.753256 7.887154 7.649924 5.020565 30.087074 2.417391 0.726360 0.664951 0.430278 2.154305 1.585516 1.442394 0.951818 6.747319 0.522696 0.339266 1.724217 0.355242 1.618478 1.140426 7.053076 2.032148 1.877500 1.203788 6.487846 5.299063 3.490910 3.214936 2.111604 15.248842 2.160142 4.913795 1.497579 0.976227 5.232330 1.949704 4.386054 1.498377 1.014497 4.815219 1.338151 3.012057 1.035046 1.090995 3.524939 4.850847 15.244751 3.770920 3.560945 2.452927 13.294784 3.580666 3.340232 2.124067 12.591741 7.066735 4.608800 4.305749 2.832182 19.750348 3.914594 9.409044 2.641921 1.749645 9.910474 3.532512 8.281604 2.613071 1.762548 8.925709 2.527473 5.929059 1.895518 1.984804 6.645124 6.522588 19.615282 4.876638 4.628688 3.131143 2.898204 10.301922 2.307712 2.300852 2.123330 14.847494 1.086601 0.040008 0.037504 0.038197 1.559933 1.204819 1.154403 1.168947 23.063303 0.024384 0.023524 1.308141 0.021860 1.255669 1.149867 1.919224 0.444368 0.421481 0.361600 2.190330 1.559256 1.526633 1.464117 7.166379 0.341938 0.305213 2.006257 0.296292 1.911293 1.710684
 9.618856 8.701679 30.123855 30.073215 4.650482 6.743878 0.793257 1.916794 1.889566 0.376889 0.579763 1.766051 1.750715 0.337166 0.522696 7.141079 1.003246 1.456341 0.986057 1.427846 0.291278 2.195469 5.723076 5.633127 1.048767 1.636942 2.272645 5.232308 5.173196 0.953194 1.477182 4.217815 3.888745 15.801924 2.113292 3.120865 4.140195 3.837862 15.773937 2.135516 3.083079 1.195653 1.054355 3.154814 3.094777 0.896580 1.778181 1.589062 4.516147 4.395881 0.840661 3.914558 11.299448 11.051939 1.860305 2.920647 4.089049 9.947286 9.881624 1.695425 2.556413 5.555722 5.056303 19.961589 2.715036 4.006478 5.423869 4.942040 19.901630 2.762097 3.947090 2.312288 1.995715 6.245622 6.174570 1.645231 3.410646 2.948251 9.068601 8.849380 1.535399 2.102853 1.593976 14.140091 14.178497 1.825054 1.753216 0.013199 1.120485 1.099422 0.033533 0.026221 1.063883 1.088455 0.025016 0.022606 23.715740 1.172768 1.077196 0.964581 1.038559 0.020824 0.373834 1.712049 1.799997 0.285283 0.295115 1.656396 1.772187 0.255008 0.255421 7.177426 1.518360 1.514864 1.408475 1.585553 0.225820
 6.389455 5.797100 23.371114 5.161083 26.620849 4.933479 0.474015 1.173704 0.380455 1.414208 0.383730 1.088512 0.341250 1.327629 0.339266 1.003246 6.179301 0.941502 1.210764 0.277475 1.210278 1.331749 3.669109 1.081396 4.323482 1.099058 1.382525 3.403365 0.980880 4.074355 0.980142 2.595194 2.398479 2.133903 13.774563 2.037679 1.151122 1.020354 3.164923 3.695399 0.821481 3.007311 2.797753 13.371095 2.577011 2.547847 1.172695 1.029667 3.030304 0.828226 3.700934 2.433087 7.775399 1.980599 8.821892 2.003565 2.568504 7.019758 1.786952 8.233735 1.761294 3.503340 3.185598 2.793071 17.562781 2.704460 2.155286 1.853296 6.463450 7.354201 1.508620 3.750406 3.446215 16.292351 3.184783 3.112182 2.243587 1.919506 6.467335 1.580083 7.493193 1.075863 0.827195 6.938893 1.109005 12.621869 1.009247 0.007821 0.706403 0.019447 1.182313 0.018941 0.700518 0.015033 1.129434 0.014461 0.755533 23.571180 0.745130 1.019833 0.014282 1.095833 0.205105 0.891325 0.191973 1.551580 0.179582 0.860104 0.166657 1.549382 0.153965 0.910625 7.162852 0.850650 1.409336 0.152504 1.459204
 9.408762 8.463637 29.061204 7.034972 4.632068 29.436304 0.813048 1.874713 0.562121 0.372640 1.922835 1.709326 0.511199 0.330715 1.724217 1.456341 0.941502 6.731864 0.295858 1.454048 1.059246 2.250175 5.712934 1.606060 1.050715 5.899919 2.312305 5.134817 1.453610 0.941168 5.197344 4.117564 3.760741 3.119362 2.016643 15.064949 1.665559 1.501558 4.385198 0.853700 4.386772 1.171200 1.025399 2.988387 0.916666 3.315018 4.214602 3.800850 15.033438 3.143807 2.224125 3.960398 11.358428 2.913416 1.878418 11.718349 4.077806 9.770993 2.564700 1.676812 9.874165 5.438457 4.914644 4.029973 2.641886 19.336535 3.060709 2.669802 8.383104 1.528025 8.350518 2.229619 1.915243 5.936769 1.706704 6.332327 5.594514 4.978381 19.278705 4.088863 2.827018 2.135943 1.625680 12.023483 1.849892 1.764444 13.516943 0.020474 1.326623 0.027630 0.031900 1.369243 1.253530 0.023197 0.024427 1.355218 1.094915 1.085147 23.328396 0.019364 1.132251 1.173266 0.417393 1.722473 0.324824 0.296716 1.785914 1.643172 0.285683 0.265721 1.734484 1.508095 1.438396 7.171997 0.223797 1.569759 1.466556
 6.912793 6.173883 5.253068 24.020406 26.569633 5.053972 0.508688 0.398092 1.282071 1.494658 0.407233 0.361927 1.154898 1.380620 0.355242 0.986057 1.210764 0.295858 6.285013 0.945450 1.201463 1.419170 1.127580 3.932994 4.475983 1.152519 1.478732 1.036775 3.551873 4.175338 1.019184 1.203271 1.081655 3.049131 3.668426 0.872195 2.857738 2.570359 2.164430 13.931166 2.065182 3.257496 2.967136 2.576862 13.701523 2.572725 1.246214 1.078152 0.883377 3.002899 3.643342 2.577477 2.056642 8.065000 8.896430 2.067583 2.757962 1.866487 7.257659 8.312910 1.816954 2.294693 2.000642 6.380555 7.461281 1.625725 3.848509 3.394817 2.862130 17.594535 2.719988 4.111825 3.688786 3.188676 16.765346 3.170875 2.395701 2.015286 1.670158 6.386895 7.340423 1.209824 0.902963 0.974848 7.370163 12.982925 1.006201 0.007131 0.015397 0.868494 1.285551 0.017720 0.013331 0.775485 1.168231 0.013860 0.677524 1.039646 0.014054 23.677089 0.746202 0.974887 0.218425 0.178152 1.042043 1.695265 0.184888 0.149337 0.984028 1.641052 0.155015 0.891174 1.459851 0.140012 7.163547 0.904792 1.434648
 9.041182 8.053656 6.889076 28.728305 4.541085 28.407900 0.750276 0.567769 1.775977 0.375488 1.821851 0.520345 1.614140 0.326905 1.618478 1.427846 0.277475 1.454048 0.945450 6.702138 1.027828 2.076863 1.610960 5.373993 1.047013 5.528821 2.145920 1.472899 4.845832 0.926068 4.870056 1.693721 1.539973 4.286765 0.800445 4.424235 3.886161 3.527673 3.087342 2.040045 14.822195 1.188494 1.019740 0.860074 3.011697 3.227218 4.027226 3.590714 3.144150 14.965168 2.166373 3.677242 2.908124 10.678410 1.848805 10.979918 3.840810 2.567160 9.373840 1.646270 9.332925 3.128671 2.762093 8.382057 1.476937 8.633991 5.094058 4.552215 3.969411 2.638606 18.689663 2.257095 1.897910 1.609197 6.018376 6.197119 5.360220 4.715254 4.076889 19.101552 2.751091 1.979099 1.465236 1.645965 12.024001 1.769304 13.147954 0.015247 0.026471 1.218570 0.035247 1.188230 0.020950 1.137434 0.023461 1.142177 1.044904 0.020679 1.052607 0.993957 23.492045 1.068955 0.362931 0.293077 1.680924 0.298577 1.643433 0.250794 1.607201 0.261245 1.572109 1.502382 0.225904 1.476072 1.354512 7.170134 1.449417
 6.706683 5.936087 5.211101 5.256096 26.555660 24.219078 0.493045 0.391353 0.397872 1.464760 1.318379 0.353825 0.349711 1.340699 1.140426 0.291278 1.210278 1.059246 1.201463 1.027828 6.216295 1.392553 1.123990 1.135865 4.479092 4.160541 1.440799 1.022664 1.009770 4.110338 3.575108 1.191406 1.067060 0.855972 3.734998 3.381396 1.204287 1.046738 0.865382 3.640348 3.213992 3.143138 2.837424 2.553228 2.576997 13.546503 2.871684 2.506883 2.255211 2.196945 13.850603 2.533433 2.065776 2.069167 9.060288 8.642323 2.673943 1.845033 1.835784 8.245228 7.282663 2.263518 1.973230 1.614552 7.643465 7.012971 2.243855 1.894370 1.599197 7.173787 6.400414 3.927075 3.493084 3.139077 3.193843 16.573571 3.836444 3.313868 2.939451 2.872976 17.593781 1.133900 0.820873 0.964348 1.076004 12.453974 7.990201 0.008400 0.017689 0.022082 1.229585 0.911598 0.014107 0.015205 1.119534 0.770916 0.013685 1.009031 0.794806 0.972485 0.832787 23.443150 0.213623 0.184149 0.203850 1.664475 1.022299 0.152228 0.171640 1.581896 0.944438 0.152194 1.503775 0.931499 1.402234 0.981260 7.160785
 93.872347 132.082220 31.409031 30.201301 18.214358 29.234673 25.129903 5.661435 5.116096 3.021749 5.381615 7.445270 6.585086 4.032928 7.053076 2.195469 1.331749 2.250175 1.419170 2.076863 1.392553 61.255122 13.461270 12.437147 7.293443 12.802255 52.643311 15.426368 13.891592 8.466560 14.614635 16.546037 22.663923 6.233325 3.793969 6.422129 14.447804 19.576524 6.206112 4.021841 5.869908 9.063580 12.502784 4.030743 4.333418 4.176028 16.322081 22.054013 6.575727 6.088932 3.956250 87.285219 19.177673 17.894546 10.470792 18.177536 67.207769 19.825562 18.186599 11.073472 18.694563 30.482169 42.392404 10.880619 6.692339 11.083086 26.508889 36.316389 10.768974 6.923115 10.099163 17.662253 24.663741 7.496827 7.982408 7.484690 31.640023 42.888726 11.746032 10.982302 6.885146 53.096441 67.981359 10.968032 10.099656 8.067211 10.958235 53.130121 3.052398 2.784060 2.568503 3.193176 8.108369 7.324763 6.616563 8.640723 0.160135 0.149960 0.202672 0.150066 0.173493 0.159955 17.511444 6.340641 5.659294 4.596094 6.146646 7.728267 7.038290 6.041969 7.683908 1.563425 1.298331 1.676856 1.276790 1.547492 1.318592
 65.472027 30.707659 100.446631 24.049727 15.301278 23.230923 5.702942 16.910471 3.752631 2.421605 3.857293 6.705331 1.936102 1.194715 2.032148 5.723076 3.669109 5.712934 1.127580 1.610960 1.123990 13.461270 42.613414 9.255399 5.884089 9.438466 15.977276 19.927207 5.400297 3.350786 5.629360 35.152590 14.242651 11.808284 7.538314 11.791722 10.913336 5.584773 17.068591 3.202223 4.585171 7.410470 3.646722 11.439244 3.430752 3.381399 11.701572 6.057435 17.607334 4.688739 3.175936 19.091883 61.713390 13.500982 8.482260 13.679817 28.580181 37.295524 9.389727 5.914367 9.528797 43.714676 18.276904 14.871691 9.546835 14.835657 20.393421 9.800408 31.872381 5.592332 7.964547 14.391883 6.822440 22.338359 6.289872 6.049582 22.773082 10.966988 34.285157 8.497140 5.592685 26.499679 7.429057 47.951267 7.983431 6.935211 7.872761 1.609534 51.440056 2.102316 2.275850 2.301152 7.388117 0.163254 0.155547 0.209744 6.297539 5.747028 7.215611 0.120839 0.149749 0.144198 5.041887 17.410805 4.179876 3.678710 4.120658 7.029781 1.292233 1.108177 1.323981 6.403689 5.767356 6.587019 1.013571 1.181438 1.077125
 62.890949 28.962269 23.563824 99.542324 15.956574 22.186612 5.172596 3.763633 16.779645 2.668947 3.670021 1.964187 6.246876 1.230302 1.877500 5.633127 1.081396 1.606060 3.932994 5.373993 1.135865 12.437147 9.255399 42.476466 6.397662 9.008108 14.373843 5.453953 18.682985 3.441510 5.218438 11.018212 5.716891 16.741971 3.052696 4.569960 34.295638 13.065575 11.665182 8.118086 11.087667 8.197428 3.763068 3.280064 12.326971 3.423017 11.085881 5.605324 4.680006 16.520532 3.205223 17.757369 13.445662 60.993205 9.058589 13.004631 26.201092 9.387092 35.766977 6.105846 8.923118 20.713827 10.087547 31.688166 5.484002 7.994097 42.033774 16.552808 14.645028 10.228615 13.879044 15.634780 6.928952 5.999228 23.907381 6.066947 21.608302 10.198155 8.451425 32.491800 5.673252 26.236420 6.314361 7.190085 47.404849 7.878227 7.291010 1.074760 1.860586 51.547299 2.757573 2.037281 0.154266 6.569899 0.161590 0.166729 6.008093 0.126223 0.151077 5.873401 6.395741 0.127192 4.382538 3.897644 17.400154 4.175567 3.838488 1.130275 6.542484 1.153126 1.128285 6.390705 1.059058 1.079885 6.078813 6.416281 1.102588
 47.652197 18.950455 16.246084 17.139281 85.694952 16.510641 3.009077 2.395935 2.637412 14.319764 2.481124 1.190116 1.209414 4.684764 1.203788 1.048767 4.323482 1.050715 4.475983 1.047013 4.479092 7.293443 5.884089 6.397662 36.168187 6.124014 8.855361 3.389368 3.449697 14.440570 3.444562 7.367213 3.528536 3.016347 13.318284 3.075154 8.060958 3.558648 3.051525 13.648866 3.045937 28.750345 9.453408 8.681757 9.196607 9.084414 7.687765 3.592198 3.068697 3.060882 13.691726 10.673193 8.660869 9.254986 51.515039 9.003641 17.625212 6.073485 6.267941 28.987860 6.162129 14.842807 6.409578 5.543634 26.587124 5.627370 15.700824 6.320449 5.473259 26.427678 5.433591 33.929525 11.443693 10.467119 11.197486 10.935397 15.549573 6.554483 5.604946 5.655480 26.933854 12.222715 3.025835 3.695174 4.605802 41.508866 4.143671 0.549453 1.180049 1.713100 51.104720 1.473355 0.098677 0.106677 5.896077 0.108134 0.087381 5.497835 0.104129 5.655474 0.099783 5.926664 2.123781 2.049421 2.472988 17.354172 2.178494 0.617857 0.731364 5.587348 0.653743 0.691581 5.683544 0.662665 5.924642 0.735814 5.922624
 63.362082 29.498240 23.994631 23.352789 16.080105 100.019592 5.406926 3.848990 3.651142 2.504625 16.366494 2.054269 1.870833 1.223890 6.487846 1.636942 1.099058 5.899919 1.152519 5.528821 4.160541 12.802255 9.438466 9.008108 6.124014 41.729153 15.265538 5.697109 5.233906 3.441789 19.482203 11.426136 5.996869 4.631553 3.134445 18.016702 10.691092 5.409687 4.666839 3.268255 16.669519 7.699877 3.719229 3.322376 3.502672 12.965157 34.094557 13.797402 12.144386 11.470646 8.415320 18.246053 13.791817 13.159241 8.889987 61.241147 27.426913 9.702708 9.105862 6.098184 36.603842 21.449381 10.538845 8.155082 5.638525 34.242718 19.884432 9.468310 8.146500 5.694898 31.042971 14.678942 6.805256 6.028868 6.316733 24.249975 42.793459 17.835763 15.350523 14.577971 10.473372 22.959203 6.970864 7.297408 7.458668 7.222863 47.769732 1.811406 2.282933 2.308698 2.437282 51.007904 0.195007 0.168460 0.154912 8.044404 0.145328 0.134205 7.362285 0.121747 6.854866 6.627147 4.637986 3.982625 3.963636 3.855372 17.406095 1.301223 1.262710 1.154001 6.919396 1.165472 1.096681 6.605992 1.070243 6.446758 6.103928
 147.775911 90.422581 32.231919 30.968532 18.705461 29.870372 26.411269 7.764993 6.776500 4.201666 7.436423 5.661700 5.129526 2.982550 5.299063 2.272645 1.382525 2.312305 1.478732 2.145920 1.440799 52.643311 15.977276 14.373843 8.855361 15.265538 67.664070 13.652022 12.530184 7.276766 12.783088 24.077836 16.305790 6.471097 3.945439 6.609606 20.490731 14.286966 6.431127 4.204150 6.073423 13.191759 8.809218 4.187962 4.525134 4.325861 23.851181 15.839976 6.785389 6.320280 4.113981 65.593921 20.805145 19.058994 11.586254 19.770476 99.000895 19.269292 17.922569 10.529817 17.974532 46.683165 29.359340 11.332871 6.986476 11.443126 39.944491 25.421996 11.218576 7.275662 10.501055 26.796055 16.843199 7.808809 8.353634 7.769904 48.806341 29.904585 12.205347 11.460407 7.206378 70.105814 60.774336 12.036969 10.957114 8.656158 12.028400 53.391408 7.777910 7.227982 6.721432 8.058667 3.203773 2.840329 2.546726 3.483321 0.157944 0.148660 0.199999 0.149422 0.171581 0.158748 17.525754 7.597135 6.785093 5.773540 7.418778 6.876638 6.190904 5.103395 6.757179 1.647865 1.368754 1.755161 1.358207 1.624506 1.395176
 31.917628 61.483650 93.030966 22.200562 14.254179 21.149670 5.654847 6.680334 1.958579 1.224799 2.065888 16.123170 3.426090 2.185225 3.490910 5.232308 3.403365 5.134817 1.036775 1.472899 1.022664 15.426368 19.927207 5.453953 3.389368 5.697109 13.652022 40.112823 8.312324 5.285956 8.413091 14.266253 33.520767 10.868397 7.012672 10.656334 5.686947 9.930599 15.548884 2.941286 4.175481 3.765222 6.625374 10.554229 3.135057 3.051037 6.225248 10.553702 15.864491 4.293258 2.901503 27.715978 38.377757 9.608157 5.951697 9.836349 19.396767 56.131102 11.798443 7.554042 11.762516 18.529394 41.263960 13.665589 8.852326 13.397965 10.259483 17.994295 28.786541 5.105050 7.178636 7.149918 12.677737 20.416687 5.701250 5.409138 11.603145 19.979875 30.758971 7.728708 5.096551 8.416485 24.519063 43.033325 7.136290 6.201236 6.951339 1.748234 6.589132 0.159400 0.168305 0.182665 51.445143 2.046949 2.133508 2.376946 5.174990 5.162852 5.663738 0.105614 0.112373 0.117959 5.055344 6.618506 1.300734 1.085235 1.333221 17.383748 4.079861 3.643584 3.978310 5.918669 5.317247 5.973879 0.897559 1.057872 0.947340
 30.019941 58.910806 21.577686 92.210458 14.514086 19.984210 5.131792 1.956003 6.238755 1.254104 1.897299 3.432186 15.957229 2.293764 3.214936 5.173196 0.980880 1.453610 3.551873 4.845832 1.009770 13.891592 5.400297 18.682985 3.449697 5.233906 12.530184 8.312324 39.727203 5.507057 7.807564 5.749582 10.075102 15.390210 2.772505 4.139744 13.073801 32.692728 10.734427 7.373914 10.003132 3.868111 6.960345 2.954658 11.031884 3.021931 5.725535 9.716122 4.241617 14.921490 2.857674 25.250604 9.475117 36.173333 6.024949 9.078803 17.976937 11.715957 55.597973 7.794514 10.979221 10.413652 18.603868 28.996830 4.947322 7.189837 16.751999 39.568862 13.392809 9.244430 12.460005 7.249620 13.112802 5.369835 21.236846 5.321690 10.740192 18.595096 7.616740 29.234662 5.038343 7.338920 23.776930 6.484641 42.582222 6.789292 6.356280 1.188068 0.143972 6.016264 0.190270 0.154141 1.821188 51.669819 2.305890 1.935699 5.144098 0.112093 0.108211 5.082650 5.314197 0.105326 4.377280 1.171170 6.131983 1.126922 1.148786 3.703718 17.385798 3.945574 3.570346 5.979719 0.931330 0.966287 5.429612 5.784108 0.944384
 19.506253 45.241434 15.044287 15.607328 82.506819 14.756333 2.948375 1.189309 1.223515 4.699519 1.219389 2.163436 2.268633 13.992525 2.111604 0.953194 4.074355 0.941168 4.175338 0.926068 4.110338 8.466560 3.350786 3.441510 14.440570 3.441789 7.276766 5.285956 5.507057 35.051172 5.189393 3.558756 6.646571 2.738906 12.571138 2.749409 3.636354 6.891152 2.769879 12.736934 2.685636 9.515742 27.917707 8.135818 8.492148 8.241076 3.681688 6.570127 2.765275 2.717392 12.654726 16.795255 6.071740 6.208411 29.039943 6.160565 10.773729 7.653480 7.936511 49.324261 7.513611 6.627955 13.169632 5.006382 25.031206 5.002684 6.639791 13.182102 4.946638 24.513170 4.762583 11.580673 32.633042 9.741005 10.242308 9.819942 6.908816 13.173522 5.057147 5.013772 24.988117 3.491743 11.192464 3.309072 3.963344 38.706398 3.510806 0.621007 0.090353 0.115537 5.745802 0.103377 1.192539 1.465536 51.411908 1.297030 0.071726 5.101196 0.071789 5.201531 0.074711 5.180430 2.108731 0.638325 0.729994 5.259666 0.657101 1.904801 2.267175 17.351149 1.960744 0.606436 5.334611 0.572530 5.406001 0.626103 5.320786
 30.179561 58.279756 21.583926 20.939512 14.292262 89.301307 5.288270 2.035122 1.869389 1.240360 6.432526 3.487228 3.205388 2.131403 15.248842 1.477182 0.980142 5.197344 1.019184 4.870056 3.575108 14.614635 5.629360 5.218438 3.444562 19.482203 12.783088 8.413091 7.807564 5.189393 38.135100 5.991031 10.370214 4.182769 2.796718 15.869998 5.437298 9.357423 4.193953 2.887279 14.632922 3.801188 6.469563 2.941072 3.077423 11.014417 13.763095 31.852331 10.816808 10.201709 7.348016 26.458257 9.815982 9.174966 6.034671 37.738857 18.180856 11.817672 11.110749 7.452687 53.510786 10.756406 19.137553 7.305568 4.990983 30.048243 9.760351 17.025957 7.249887 4.994093 27.137155 7.064577 12.227360 5.300318 5.514156 20.529089 18.052138 39.405666 13.663640 12.952677 9.168127 7.798720 20.752364 6.436867 6.443705 6.099580 41.126027 1.927635 0.186806 0.176122 0.181096 6.762697 2.214429 2.080297 2.087474 50.962428 0.114704 0.110879 5.675527 0.102849 5.481124 5.068999 4.638798 1.320190 1.260390 1.117040 6.329324 3.765958 3.711890 3.583000 17.369951 1.034938 0.947390 5.909768 0.909689 5.686611 5.201056
 98.066595 32.383336 64.949352 24.545664 15.691475 23.640165 8.074512 16.733784 5.084198 3.453962 5.339420 5.087954 2.060670 1.271096 2.160142 4.217815 2.595194 4.117564 1.203271 1.693721 1.191406 16.546037 35.152590 11.018212 7.367213 11.426136 24.077836 14.266253 5.749582 3.558756 5.991031 41.961884 12.668131 10.160226 6.256358 9.947955 15.497223 5.923194 11.830498 3.421332 4.814750 10.867423 3.870213 7.756938 3.670457 3.584653 16.843856 6.447310 12.082896 4.937471 3.369322 21.495086 44.642127 14.737974 9.639456 15.103754 44.575045 25.612105 9.977543 6.279906 10.119893 59.034589 17.912202 14.088963 8.815128 13.809358 29.948725 10.377541 21.185460 5.961787 8.334402 21.450778 7.221878 14.720144 6.711085 6.386047 33.867184 11.696817 22.697541 8.929029 5.917959 34.943320 8.909459 39.130215 8.711722 7.648739 8.609920 3.802257 51.326437 5.232368 5.702824 5.353772 3.064043 0.159884 0.151785 0.205571 2.475395 2.255499 2.948227 0.121255 0.147428 0.143637 6.192290 17.376172 5.090567 4.703556 5.068115 6.275591 1.406758 1.205355 1.448065 5.483515 4.828816 5.566259 1.128868 1.278917 1.179983
 33.099825 92.786701 61.534085 22.761763 14.516105 21.754290 7.762604 5.086044 2.057062 1.279287 2.176584 16.107489 4.720751 3.147869 4.913795 3.888745 2.398479 3.760741 1.081655 1.539973 1.067060 22.663923 14.242651 5.716891 3.528536 5.996869 16.305790 33.520767 10.075102 6.646571 10.370214 12.668131 40.202947 9.342138 5.757383 9.073384 5.942603 14.250707 10.889875 3.061547 4.350928 3.922003 9.823311 7.138391 3.272428 3.180204 6.536309 15.373743 11.058698 4.480662 3.018516 42.305041 26.194964 10.033102 6.170390 10.310304 21.398288 41.679130 13.192429 8.645242 13.333701 18.027143 55.644095 12.832583 8.025468 12.504035 10.649555 26.514911 19.274296 5.276038 7.434682 7.418944 19.091331 13.444678 5.938276 5.621123 12.109471 29.836399 20.595153 8.024761 5.261191 9.310176 34.626549 33.972402 7.438526 6.464558 7.333238 4.374794 2.855429 0.157777 0.166090 0.182368 51.427886 4.994774 5.261961 5.520889 2.112177 2.082244 2.360634 0.106075 0.112584 0.117955 6.146250 5.813296 1.362292 1.128754 1.415892 17.374289 5.083190 4.708172 5.045749 4.996647 4.335073 5.010713 0.947366 1.112103 0.993898
 26.224102 23.641475 57.749339 86.925352 12.972956 18.450787 2.293620 4.169652 5.560401 1.095531 1.662870 3.846109 5.151872 0.978022 1.497579 15.801924 2.133903 3.119362 3.049131 4.286765 0.855972 6.233325 11.808284 16.741971 3.016347 4.631553 6.471097 10.868397 15.390210 2.738906 4.182769 10.160226 9.342138 38.643809 4.990442 7.395471 11.650694 10.803856 32.283325 6.297679 8.845635 3.411192 2.999621 6.425205 9.532088 2.585545 5.018008 4.482209 9.252392 13.247361 2.432544 10.879032 22.267136 32.724863 5.275845 8.132139 11.446399 19.821063 29.387330 4.819311 7.145317 14.329042 12.951590 52.745811 6.916425 10.171773 14.981880 13.651779 39.190309 7.951985 11.094292 6.477153 5.571909 12.296588 18.750298 4.654915 9.470812 8.183195 17.869022 26.467262 4.369764 6.092268 4.752005 29.440089 38.351609 5.375287 5.228003 0.061502 2.000650 4.849499 0.158758 0.122879 1.904201 4.771390 0.118346 0.105868 51.990895 2.034934 1.931000 4.302141 4.577794 0.098647 1.159058 4.137599 5.276966 0.915434 0.928438 3.980389 5.235378 0.825604 0.819033 17.378869 3.600648 3.624846 4.317945 4.765685 0.730355
 17.756861 16.097379 44.835927 14.134556 78.858258 13.825545 1.369665 2.541568 1.086139 4.326049 1.104879 2.352434 0.973665 4.067059 0.976227 2.113292 13.774563 2.016643 3.668426 0.800445 3.734998 3.793969 7.538314 3.052696 13.318284 3.134445 3.945439 7.012672 2.772505 12.571138 2.796718 6.256358 5.757383 4.990442 34.035068 4.862458 3.253285 2.882198 6.368664 11.292474 2.345005 8.763652 8.162595 27.449835 7.413746 7.496100 3.328928 2.923841 6.183223 2.352244 11.475163 6.830076 15.255519 5.508661 26.954683 5.656524 7.247760 13.886489 4.996861 25.258533 4.989798 9.094443 8.213638 7.040192 47.180253 6.967038 6.040266 5.188607 12.565102 22.352685 4.266122 10.699041 9.842459 32.161386 8.961831 8.975636 6.295814 5.388787 12.658254 4.415286 23.022940 3.087537 2.427738 14.026686 3.151849 35.464076 3.016150 0.036302 1.273877 0.092619 5.219215 0.089463 1.252845 0.071285 4.962022 0.068283 1.314553 51.796611 1.374601 4.532470 0.068236 4.851390 0.629257 2.128673 0.599466 4.747522 0.566528 2.027114 0.525977 4.755131 0.492838 2.129503 17.354476 2.030374 4.333000 0.485633 4.525225
 25.945886 23.340028 55.682093 19.291481 13.270075 87.438640 2.353830 4.074973 1.620695 1.100574 5.828182 3.723424 1.472769 0.974511 5.232330 3.120865 2.037679 15.064949 0.872195 4.424235 3.381396 6.422129 11.791722 4.569960 3.075154 18.016702 6.609606 10.656334 4.139744 2.749409 15.869998 9.947955 9.073384 7.395471 4.862458 37.450050 4.743123 4.273258 8.981224 2.489490 13.461751 3.397685 2.964960 6.190142 2.652364 10.539723 12.156493 11.000411 31.009532 9.119896 6.789611 11.119934 22.425604 8.153497 5.441914 35.650566 11.492536 19.423869 7.204525 4.859287 30.057494 14.104210 12.683732 10.246119 6.893227 52.217499 8.592454 7.495764 16.523375 4.408264 25.519540 6.342117 5.430427 11.816150 4.839445 19.824229 15.761564 14.080484 38.116819 11.582073 8.420050 6.083537 4.764870 24.447390 5.322891 5.250478 38.418304 0.095621 2.387504 0.129843 0.150172 5.943691 2.262140 0.108527 0.114948 5.844771 1.926728 1.891897 51.312746 0.091813 4.969012 5.163137 1.285556 4.137004 1.008523 0.948985 5.371082 3.929368 0.901929 0.858555 5.262211 3.608219 3.483912 17.374292 0.716773 4.795310 4.606465
