 723.806460 353.587859 248.710938 138.214178 256.047395 75.055001 43.936323 24.991525 46.023048 35.277726 21.603157 33.624020 10.732239 24.966908 8.120322 146.692300 90.115683 51.188048 95.440716 216.548949 90.907579 57.349374 89.013854 126.568302 90.825596 27.110266 64.211612 73.098737 55.611808 30.023730 24.036626 125.605330 82.869934 62.869766 21.346271 185.022463 120.813387 67.957599 125.061759 378.759060 151.691754 91.595668 146.901169 232.324856 153.377339 46.985224 107.588830 150.511367 99.031434 59.255648 50.600104 226.545915 134.230073 100.043550 39.344929 240.999943 581.381794 392.345849 287.127611 135.709114 82.802507 39.640874 34.310501 11.161604 9.382372 1.389453 69.042224 51.413065 30.895389 34.939232 32.610183 14.022364 12.642266 3.984473 1.706421 1.845522 100.436628 83.998082 31.754849 25.487922 4.595307 98.372770 171.798508 128.167590 77.137208 69.506494 85.243579 169.828934 77.036605 35.534061 29.346452 30.165492 116.190016 78.005551 11.361006 5.216831 25.904844 73.467741 37.598919 13.130204 5.631291 5.195209 91.375463 39.044989 6.400467 6.005616 169.657465 131.357139 64.731240 49.374424 11.745809 148.960426 257.684263 188.733312 108.973494 77.713281 130.360956 271.248141 112.118618 57.525278 43.572532 58.378532 178.866322 120.855225 24.448207 13.179070 52.846587 128.455723 72.964967 36.153055 13.166329 19.358015 150.719075 72.854087 22.170987 16.578650 298.897500 41.961265 29.830353 26.970139 34.312696 94.865411 83.954774 55.006391 81.606604 2.940969 2.835291 2.524890 1.765060 2.287196 1.120337 35.637815 35.616708 35.187782 35.597450 9.707878 8.761674 9.607904 5.483218 7.629183 4.658740 58.951268 90.961465 74.621278 103.793871 51.817341 38.335430 19.865295 20.000787 8.596414 12.392508 1.167874 23.950643 27.813113 20.831354 16.106262 32.733184 11.843871 7.494528 3.714016 1.251182 1.160355 10.388580 10.817014 10.642998 10.077417 3.899789 12.209739 13.863630 10.724077 8.989028 16.753026 9.679084 9.509554 8.028448 4.286985 4.328185
 353.587859 1207.590046 503.607155 294.303830 478.986870 81.334658 28.391825 16.872441 30.500779 118.321916 74.133523 101.726896 24.421647 49.626862 19.504527 213.939593 75.738003 45.804187 79.262042 179.483000 257.493087 165.341379 226.221146 76.356421 308.216570 61.721018 126.217705 45.815812 193.491982 66.421931 57.104878 77.599112 262.604413 123.668705 49.950488 363.608320 138.043250 85.705173 136.987351 248.473974 357.182405 225.569600 318.400383 133.360904 522.653512 108.455595 208.711697 86.844508 339.659078 123.781542 112.919449 129.457210 434.237070 193.988206 86.389631 501.667446 922.762342 639.711373 359.922981 262.772915 151.238699 79.272070 67.643843 19.067629 15.482954 2.956119 108.869752 73.918182 52.689453 61.838238 36.899846 27.104669 20.528099 7.247554 4.291550 2.214018 192.376189 161.268275 51.430856 42.773076 10.132907 200.563364 274.971192 185.776247 129.832335 125.097973 167.629231 271.899393 89.564014 68.005593 45.341757 53.195408 171.927469 92.847018 21.422598 12.642455 45.931703 128.766711 73.378805 22.080429 7.305702 10.644362 157.653171 65.321148 14.530214 8.140519 312.970507 245.688066 97.531750 84.967803 27.338967 306.755835 430.128927 272.106892 185.890241 141.367479 259.417862 442.322683 136.822930 108.749283 69.134227 105.753215 278.964684 160.555441 45.787425 29.461080 97.354026 220.750392 135.168476 52.209927 21.315579 39.114791 260.604628 126.568087 41.081886 28.329694 84.646679 298.887137 88.251432 91.312580 84.040117 93.991895 8.079605 6.371849 6.988828 95.482870 93.291704 94.757795 7.989395 7.300419 6.740525 35.711857 18.787873 20.414764 18.299325 35.697344 35.738243 35.675205 19.258386 21.102529 19.287087 163.513506 149.755004 136.588578 131.425932 130.395292 84.989277 53.734065 52.373394 20.924723 17.049095 1.219171 50.102322 46.984186 41.331027 36.137298 39.311568 26.786402 17.794647 4.062833 2.356290 1.464740 26.844510 26.666290 23.079379 19.562136 10.005861 25.375916 24.319039 22.572949 20.876069 23.109377 21.109455 19.156822 15.077577 14.319952 9.595662
 248.710938 503.607155 969.240146 200.130967 369.627006 36.123080 43.270346 10.050926 22.865868 115.896682 30.897889 49.566006 40.590640 74.154346 12.705509 91.607463 121.757077 27.636717 59.695309 93.455832 318.136102 81.307827 129.437328 93.994005 231.429422 81.697484 155.376827 27.821327 77.874972 114.821836 38.424569 58.008683 120.993583 198.493442 32.074136 152.749666 235.746145 54.557741 104.173104 151.362281 537.933336 130.741117 212.852047 130.295583 306.843499 108.634708 211.365649 55.714470 136.718501 218.277924 80.031013 94.680171 190.310433 329.121696 56.251589 380.089272 697.239722 539.373252 270.334875 303.890046 100.389036 60.554707 54.940700 15.495683 15.105300 2.260281 81.004114 51.227409 49.686658 41.346785 26.742798 27.196313 14.103011 6.918191 2.404117 1.702825 151.156449 133.455208 43.091942 42.108885 7.732340 151.030369 206.907646 128.620080 123.762018 82.948614 133.338243 203.865235 62.169744 68.905203 30.543786 41.951528 120.368378 71.227229 20.406207 7.179348 44.078618 117.293879 71.101829 20.697842 5.370984 8.298175 106.255479 46.255129 8.823381 6.728902 245.649846 206.485358 79.148903 84.007584 19.723911 231.110927 335.776933 191.236541 183.794959 93.357491 200.201952 337.699450 94.914107 112.522743 46.154537 83.039434 201.074474 128.908464 46.117059 17.662637 88.178824 191.208644 125.117042 45.380454 14.815692 30.799240 180.336185 93.754449 28.734048 25.949571 43.861445 62.482638 298.906110 45.518531 60.977999 4.510017 79.991489 1.598587 3.584396 95.346637 3.439642 5.272890 81.799776 92.792400 2.342310 13.038912 35.580511 7.722605 11.603211 35.717507 13.178811 16.369594 35.457171 35.703807 9.566038 111.838727 100.867856 114.386969 100.851303 171.171865 52.242175 38.749200 37.304323 18.980551 17.534913 0.820626 32.477881 31.447708 38.205748 20.589596 23.795616 30.796708 10.961861 5.907739 2.254847 1.087522 19.417610 19.452628 18.052508 20.625436 8.641194 17.521819 16.001017 20.188562 13.335120 15.504364 21.746525 12.690035 13.817280 8.034820 7.650556
 138.214178 294.303830 200.130967 603.383360 182.262278 19.816751 9.754316 24.091324 10.156191 28.280418 68.168607 25.973858 34.933528 17.273026 23.469366 50.960039 26.873221 70.689467 26.416744 52.039854 73.268477 199.482617 67.801788 26.061321 72.309881 95.725278 44.012411 48.138729 127.350486 71.690241 52.746147 26.305061 64.936255 43.734393 64.553082 88.753035 53.444024 144.266352 48.123751 84.190149 121.914255 340.049323 109.165770 46.100419 124.052478 180.524496 74.846487 63.144308 158.694472 93.771801 73.983035 46.393396 105.906411 71.498935 124.603872 266.211162 439.294804 377.938667 186.017489 106.117150 42.715310 38.151566 41.291226 12.405736 6.687858 1.029732 62.556050 38.688713 27.223837 17.644618 24.271280 15.904675 7.038427 3.561413 1.424860 0.697170 91.995884 101.829518 33.600314 18.188161 3.320538 99.420867 156.948591 97.002252 63.876584 35.227028 96.759983 155.961462 59.922676 38.233273 15.662812 32.081293 93.321108 61.441467 10.803062 4.152603 20.147574 67.698446 44.356443 11.382098 2.238073 4.108421 48.089504 23.064544 5.461960 2.733984 148.062183 155.097641 59.560695 34.134839 8.616362 156.823627 247.940960 145.308707 86.281213 39.923918 140.983197 241.774544 86.530748 56.634846 22.844460 58.314325 146.787291 99.639130 23.086602 8.066453 44.973447 113.556523 83.962798 26.646012 6.101682 18.740313 89.741704 51.926005 18.671289 11.181757 22.838304 37.496889 24.170045 298.889331 20.780152 2.491149 1.255203 54.522221 0.841606 2.420919 94.250755 2.459815 72.499545 1.780708 48.503294 7.593903 4.261313 34.555623 3.812290 7.987052 35.646665 7.657640 35.153485 4.903026 33.431339 66.379306 52.178510 65.063559 51.012296 38.174194 15.573204 16.191971 22.825838 10.574425 5.110945 0.489573 20.927170 15.823577 16.617711 5.969400 16.487907 13.874290 3.520299 1.483980 0.398722 0.151677 10.230938 11.775102 11.947300 6.941609 2.230669 10.759317 11.499901 9.201297 4.477714 13.434573 10.617660 4.304797 6.851178 3.033150 1.958563
 256.047395 478.986870 369.627006 182.262278 960.422960 36.628641 20.631490 9.343987 49.413077 53.325459 29.505609 97.204343 15.770074 75.898325 32.434090 91.815101 55.162092 25.241170 135.363937 94.808602 134.786255 76.907982 272.258984 55.276669 134.732164 39.337495 207.429679 25.770039 75.312671 44.264057 99.831442 102.241990 196.613709 156.492073 62.838797 150.785169 100.929174 48.663755 248.108593 153.041305 221.525811 121.663233 477.039425 96.190925 221.276080 68.171207 367.188162 52.496117 133.991035 86.707411 205.030045 135.616117 256.675142 203.751628 82.715406 324.948974 727.003941 497.505566 295.132443 249.821944 152.933644 54.596451 40.737941 15.745768 13.108838 2.698192 81.383607 57.964498 51.113530 63.126219 24.542515 26.049659 20.535779 7.352748 3.428623 1.950002 139.772254 101.888156 43.213338 37.859238 9.717151 133.855129 211.671827 142.168703 131.913524 127.483444 101.013894 201.211645 59.251502 68.418500 44.113629 42.774993 139.594792 64.504468 22.015260 10.169148 37.014006 117.532659 66.212379 21.509872 6.643770 8.965996 154.679010 65.107723 11.957696 7.136575 238.530186 167.438061 83.190185 79.043237 27.102785 199.644501 335.259759 211.183915 196.354123 143.033990 160.219605 331.654875 93.810088 116.007109 67.360094 81.576215 231.368346 117.050665 51.802721 24.674086 72.551292 192.906238 115.189625 47.132523 20.975647 28.798301 240.536649 119.147514 34.897714 26.811329 48.756069 58.172062 57.842065 36.309428 298.889025 3.141531 3.718936 1.500951 86.978562 3.808606 3.182609 94.984608 1.946226 93.339275 66.793531 13.017514 10.753597 5.619227 35.687723 15.890220 11.674607 35.689657 8.647742 35.661454 34.556792 98.317191 105.237168 108.339630 111.916604 105.441239 86.859913 31.059470 26.695659 18.123887 12.712541 1.502756 32.141986 37.131418 40.214164 34.397444 21.271724 32.698732 19.828664 8.831433 2.538959 1.735707 17.118361 15.288966 17.077814 15.193402 9.622483 18.133209 18.316413 21.313116 20.322070 14.798658 20.847279 19.138792 16.225519 12.725091 7.667035
 75.055001 81.334658 36.123080 19.816751 36.628641 17.932161 4.935078 2.834042 5.047858 6.989007 4.255579 6.351375 1.541410 3.712081 1.247189 38.844876 11.332723 6.449940 11.616253 42.772607 16.536960 10.310122 15.586964 14.468563 19.018495 3.954474 9.616524 8.582748 11.705519 4.477741 3.764000 13.930068 16.661858 9.393676 3.267603 49.346668 16.030122 9.135863 16.152742 58.505974 24.567866 14.834723 23.447699 27.230382 33.682964 6.977732 15.910336 17.688421 21.875080 8.877484 7.795009 25.358052 28.380037 14.819126 5.833927 38.572273 84.447655 49.564579 39.665151 23.356742 13.351728 5.644170 5.095904 1.297916 1.575523 0.217592 9.173595 6.990207 5.091356 5.848817 3.487503 2.545474 1.627265 0.576884 0.252748 0.183809 14.322018 12.132824 3.757217 4.322315 0.748440 14.083576 22.529797 17.434222 12.754430 11.391047 12.630996 23.249567 8.738092 6.390567 3.886096 3.579016 15.841242 8.217017 1.679842 0.779500 4.286739 11.892873 6.504077 1.853352 0.579375 0.773591 14.982437 5.041976 0.919671 0.717860 24.849399 18.719070 8.093965 8.588184 1.996460 21.748206 33.817563 25.600937 18.155586 12.602511 19.402415 38.410430 13.786648 10.144238 6.131166 7.354151 24.927020 13.350363 3.756041 2.016075 8.318333 20.090414 11.134472 4.858859 1.749800 2.743120 24.388778 9.565168 3.103361 2.754194 30.138575 13.784340 3.944368 3.996333 4.036992 30.002116 3.566197 2.743541 3.105053 1.311293 1.384887 1.137075 0.043423 0.052728 0.033504 9.016937 4.790509 5.248523 4.687368 2.491825 2.225018 2.323762 0.702064 0.834988 0.636906 11.375179 12.261681 8.337077 15.463800 9.376327 6.585892 2.843161 3.494823 1.057284 2.184176 0.071272 3.273885 4.257027 3.612961 3.526215 3.777014 2.566483 0.701863 0.240446 0.127983 0.328810 1.568456 1.588296 1.277054 1.927505 0.626210 1.753693 1.909653 1.850278 1.372707 1.914541 1.763952 1.353987 1.111313 0.636628 0.602172
 43.936323 28.391825 43.270346 9.754316 20.631490 4.935078 9.657655 1.272566 3.096280 4.915917 1.545256 2.677096 1.438058 3.434291 0.614021 10.981482 21.562975 2.970102 7.307557 14.382221 13.988080 4.139353 7.287554 22.704030 11.437383 3.309445 8.115586 3.934999 4.122014 4.310949 1.913996 8.599888 6.749779 9.398447 1.630355 14.569985 27.917508 4.295201 10.072542 25.695325 25.379222 6.573410 12.210598 30.175369 16.356991 4.757489 11.593784 8.772333 7.650445 9.270673 4.253182 15.315883 10.912256 15.963078 2.930009 21.350845 45.845497 32.763947 29.126262 10.187362 6.710384 3.654106 2.643530 1.015013 0.840563 0.115112 4.904544 4.074986 2.126258 2.865435 2.622732 1.048473 0.983273 0.412918 0.148279 0.070555 9.091404 6.564916 2.998870 2.168551 0.384796 8.866409 12.352152 10.289939 5.398231 5.568616 6.434614 12.291855 6.020836 2.509044 2.118710 2.607271 9.150366 6.352203 1.156221 0.437496 2.434775 5.079030 2.990557 1.247081 0.249729 0.444363 7.500180 3.235707 0.575787 0.258629 15.073417 10.518433 5.917460 3.970064 1.021867 13.446740 19.702808 15.681718 8.033174 6.226560 10.200546 20.528461 8.934532 4.023931 3.216559 5.018442 14.570587 10.025584 2.206144 1.145099 5.063505 9.281943 5.952045 3.289296 0.823713 1.769044 12.431077 6.378338 2.062996 0.948691 13.914512 2.658928 8.958837 1.473669 2.486277 1.788235 24.638548 0.751386 1.500427 1.277055 0.032916 0.030904 0.802842 1.035698 0.013777 3.162123 8.935121 1.723550 2.643552 2.234137 0.445835 0.606644 1.225317 1.821498 0.258982 4.210608 6.419330 5.818291 12.647219 3.180163 3.009303 2.032086 1.176973 0.860778 1.001614 0.049499 1.666501 2.062143 1.107941 1.276587 2.493734 0.840087 0.558298 0.364444 0.100135 0.013829 0.801912 0.718273 1.024501 0.764114 0.302368 0.815159 1.018524 0.667289 0.669404 1.150968 0.602901 0.673662 0.839076 0.410302 0.215514
 24.991525 16.872441 10.050926 24.091324 9.343987 2.834042 1.272566 5.538483 1.228167 1.418463 2.820032 1.327966 1.286351 0.882123 0.884156 6.276921 3.012426 12.599523 2.829890 8.378517 3.741277 8.278550 3.533952 3.757150 3.762525 3.626905 2.282257 12.407574 6.232569 2.974679 2.148643 3.649837 3.459546 2.321507 2.738624 8.411909 4.488332 16.396024 4.029635 14.846105 6.247460 14.351130 5.716165 7.275631 6.621954 6.962652 3.851816 16.008391 8.445442 4.317424 3.269339 7.533514 5.984518 3.894723 5.912510 14.603199 31.288287 18.685587 13.972620 4.398352 2.402158 1.929385 1.576960 0.665850 0.335279 0.055935 3.949578 2.729057 1.241311 1.058672 1.811398 0.583424 0.390581 0.185989 0.096565 0.031052 4.588079 3.802493 1.685406 0.801858 0.174825 5.045204 9.294568 6.906506 2.771271 2.057852 3.950945 9.897953 4.296042 1.490460 0.944245 1.836973 6.244906 4.329950 0.515638 0.302005 1.046375 3.219073 1.679332 0.654119 0.105626 0.224997 3.033951 1.290502 0.354853 0.117451 7.720337 5.831326 2.935157 1.410894 0.447236 8.040972 13.541848 10.093739 3.610185 2.260839 6.310580 15.340972 6.104246 2.284131 1.405104 3.620032 9.577552 6.313806 0.948740 0.579503 2.463149 5.915900 3.372267 1.755921 0.314176 1.056913 5.491764 2.688236 1.125645 0.450830 7.053808 1.638196 0.848438 8.487196 0.844884 1.014840 0.508402 15.269333 0.370538 0.022723 1.129699 0.021267 0.771260 0.014126 0.458226 1.859007 0.991689 8.684044 0.939014 0.313106 2.201697 0.297056 1.342695 0.157183 1.077555 3.353269 5.208677 2.510836 4.014411 1.193730 0.685718 0.769693 0.661244 0.449368 0.332918 0.049163 1.208100 0.881387 0.603997 0.207926 1.136570 0.091833 0.050656 0.023977 0.009497 0.004722 0.379584 0.381835 0.636330 0.285536 0.081837 0.519960 0.668198 0.325021 0.240041 0.827074 0.363711 0.256419 0.254456 0.305462 0.061063
 46.023048 30.500779 22.865868 10.156191 49.413077 5.047858 3.096280 1.228167 11.059272 3.100302 1.649680 5.157706 0.925996 3.770756 1.070449 11.308142 7.369389 2.855583 24.779134 14.497743 8.127000 4.390081 14.870734 8.900117 8.120843 2.322885 10.430896 3.654676 4.304663 2.666710 3.378740 24.652369 11.479526 8.669340 2.493044 15.043056 10.548753 4.140680 31.530574 25.312414 13.747991 6.900192 26.516860 16.552855 13.657257 3.898352 18.842425 7.993129 7.963921 5.457282 8.077055 31.543982 15.703876 11.984312 3.852741 20.908952 50.536403 38.244392 27.024137 13.788582 8.456494 3.322184 2.940910 1.089574 0.817547 0.132255 5.974852 3.930120 3.424347 3.495671 1.822486 1.204200 1.432827 0.409840 0.155213 0.113224 8.405177 7.247919 3.087978 2.430121 0.444849 8.534818 15.276248 10.141917 8.272309 7.030720 7.128028 14.383343 4.510887 3.165394 3.113506 2.840473 8.839591 4.684912 1.193757 0.511718 2.202813 8.121212 3.291115 1.337374 0.398426 0.483652 9.080718 4.502906 0.554877 0.410861 14.273346 11.654967 6.004234 5.019720 1.166015 13.480428 23.241094 15.405381 11.467816 7.936501 10.851251 22.937700 7.230511 5.706618 4.383125 5.522485 14.523276 8.562073 2.907234 1.477875 4.437550 13.303071 6.514963 3.403539 1.263066 1.736193 14.934566 8.296571 1.888877 1.535598 15.659643 2.665261 2.219904 1.062765 11.169993 1.344813 1.346843 0.697687 26.309162 0.029240 0.030079 1.095854 0.017474 0.973806 0.538283 3.226949 2.544159 1.357767 8.980292 0.585956 0.368626 2.361924 0.239664 1.848400 0.917056 4.368875 7.233409 9.306863 11.658403 5.211601 4.043310 1.377327 1.588290 1.448509 0.651981 0.095968 1.910821 2.125860 2.524817 1.537253 1.477593 0.771810 1.058282 0.450924 0.052795 0.064662 0.862429 0.790506 1.095337 0.759180 0.329106 1.010046 1.059258 1.112390 1.021107 0.981236 0.839575 1.032559 0.851828 0.295963 0.367488
 35.277726 118.321916 115.896682 28.280418 53.325459 6.989007 4.915917 1.418463 3.100302 28.300626 5.882389 9.499689 4.250489 8.541506 1.885082 18.933741 14.176214 3.966143 8.246789 16.471350 66.590854 14.168337 22.836269 11.692361 60.424063 9.497716 19.597993 3.987505 15.842437 12.374085 5.745448 7.927263 24.643606 22.763239 4.822199 33.582053 27.617725 7.724773 14.613987 23.841300 89.850271 20.551881 33.934576 17.157282 79.272049 13.739248 28.215957 8.043069 29.625630 24.781752 11.898301 13.072189 41.084689 37.859941 8.299214 57.613588 103.241448 78.781151 41.659956 49.771876 20.034186 9.177594 7.880945 2.406816 2.001482 0.349793 12.201934 8.112162 6.442621 7.872972 3.938995 3.789472 2.658245 1.048961 0.462555 0.272925 22.390024 19.000395 6.422142 5.623693 1.218832 23.188652 31.245269 20.500969 15.746912 16.355510 19.291235 30.541431 9.397424 9.315796 5.731570 6.676216 18.909125 10.323941 3.066086 1.466536 5.856767 15.814891 10.084255 3.024388 0.950302 1.259216 19.225401 8.522839 1.557886 0.980861 36.432064 29.692898 11.836890 11.354779 3.421440 35.338423 50.068186 30.296655 23.276114 18.608341 29.532670 50.269525 14.503319 14.846154 8.898496 12.889000 31.254400 18.760889 6.363556 3.735395 11.887145 26.851345 17.915386 6.427072 2.869245 4.630530 30.962699 16.288440 4.660413 3.387679 5.731830 21.692622 30.041550 5.540416 6.858076 2.182572 3.515195 0.054847 0.084054 30.497549 1.681798 2.363633 3.377992 3.338070 0.078222 3.309666 4.572087 0.928616 1.107644 9.048531 3.131083 3.863333 4.796017 5.232073 1.111136 18.477958 14.486484 16.879177 15.670079 33.052100 11.459959 6.197176 5.815330 3.128877 1.971511 0.120419 5.570255 4.942165 4.997669 4.369177 3.933326 4.726799 2.940210 0.687411 0.364483 0.128816 3.103239 3.029336 2.964472 2.550411 1.245280 2.851972 2.608489 2.821928 2.705593 2.440296 2.917382 2.578128 2.284702 1.613089 1.329905
 21.603157 74.133523 30.897889 68.168607 29.505609 4.255579 1.545256 2.820032 1.649680 5.882389 17.055617 5.631113 4.115842 2.775345 3.139827 11.741241 4.280814 8.504551 4.350224 10.219592 13.980267 41.432423 13.481269 4.183088 16.018794 11.676898 7.153024 6.336860 35.776175 9.227609 7.564281 4.310586 15.033832 7.155092 9.093942 21.638331 8.244610 17.949917 7.863282 14.808766 20.825291 56.115983 19.500962 7.416297 29.289546 22.917339 12.186045 8.882552 45.179118 12.907118 11.111425 7.493672 25.783816 11.596616 17.444649 39.504971 72.092508 60.380258 27.583333 16.793593 7.954119 6.199721 6.260360 1.549847 1.061523 0.160188 10.231462 5.925328 3.939895 3.296913 2.991542 2.549886 1.302827 0.516922 0.213558 0.105766 14.829388 15.534910 4.153553 3.024380 0.531666 16.278700 25.855826 14.779452 9.628022 6.548756 14.984244 24.914184 7.220813 6.095113 2.773803 4.169355 13.980394 7.743738 1.584553 0.630441 3.140928 9.670734 6.863333 1.609576 0.345418 0.618115 8.836571 4.231802 0.752180 0.412831 24.073659 23.982493 7.485319 5.971191 1.408584 25.169241 40.942663 21.813879 13.470201 7.430195 22.188354 38.958524 10.956425 8.849088 4.182420 8.069313 22.660366 13.973049 3.541609 1.350987 6.820419 16.794942 12.810794 3.911763 1.022153 2.724308 15.934563 8.916427 2.547070 1.719959 3.548187 12.388104 3.232316 34.588200 3.571142 1.188108 0.043139 2.817922 0.029869 1.079752 29.772055 1.122261 3.631615 0.051908 2.943613 1.986315 0.559096 5.315775 0.563712 2.020698 9.035582 2.115081 5.085790 0.722496 5.122885 10.250459 9.376243 10.583150 7.841079 6.324133 3.132993 3.078890 4.036296 1.146483 0.730878 0.056110 4.232575 3.018483 2.138658 1.288064 2.252075 2.212849 1.145423 0.346985 0.039304 0.026663 1.833637 2.112907 1.478983 1.144616 0.366056 1.918295 1.579649 1.458303 0.887003 1.620203 1.713323 0.810659 0.840898 0.485296 0.265540
 33.624020 101.726896 49.566006 25.973858 97.204343 6.351375 2.677096 1.327966 5.157706 9.499689 5.631113 21.979723 2.197060 8.297784 3.430855 17.005874 7.275520 3.655241 14.260595 15.228477 22.337541 13.507861 51.691889 7.262725 25.500328 5.588254 22.740473 3.687096 15.166942 6.200911 10.625094 11.733915 48.303868 18.736505 7.708494 29.686964 13.520121 7.003568 26.143871 22.279849 33.019246 19.273400 71.065063 12.645073 44.166436 9.746962 40.060158 7.360551 27.868228 11.998451 22.143796 16.428378 62.556679 25.557277 10.861062 50.343026 96.159489 72.202794 39.982228 29.996551 19.411035 7.670175 6.492605 2.269489 1.558497 0.393993 11.434606 7.763035 6.442726 7.871328 3.475555 3.296687 2.655735 0.829448 0.565507 0.243542 18.946638 16.000156 6.004647 4.416413 1.374569 19.605881 29.615009 19.730560 16.099158 16.059913 16.118050 28.117541 8.318941 8.405537 5.975183 6.317170 18.059273 9.193244 2.594243 1.581214 4.752404 15.220404 8.691040 2.475351 0.832776 1.328486 19.538348 8.196575 1.881708 0.897300 31.620365 25.628836 11.402120 9.377438 3.741219 30.464806 47.275450 29.419787 23.616953 18.177867 25.367163 45.818536 13.098055 14.117716 9.265582 12.506406 29.789678 16.820566 6.068012 3.565669 10.351619 25.392017 15.564491 5.842608 2.631252 4.459315 30.568540 15.281896 5.035409 3.332476 5.366907 18.914795 6.278895 5.360708 28.579320 1.415086 0.084242 0.038961 2.998763 1.589599 1.576043 30.127319 0.055564 3.143553 2.920738 3.034932 1.039253 0.745496 4.681710 3.775926 2.982023 9.027389 1.077799 5.293810 4.902580 15.832484 14.377082 16.776243 14.656370 12.705256 10.215447 4.409480 4.747325 3.154552 1.398297 0.270971 4.916012 5.022808 5.511326 4.140038 3.337811 4.024406 2.647597 0.587736 0.466565 0.103801 2.506893 2.525982 2.851321 1.879697 1.262355 2.586990 2.490564 2.596194 2.866418 2.207218 2.552276 2.649722 1.818238 2.036614 0.951622
 10.732239 24.421647 40.590640 34.933528 15.770074 1.541410 1.438058 1.286351 0.925996 4.250489 4.115842 2.197060 8.892681 2.536156 1.460346 4.069464 4.386382 3.954285 2.431012 4.058886 12.311112 11.938534 5.815011 3.451168 9.643197 19.373775 5.796503 2.943928 8.967572 20.100108 3.722192 2.373160 5.531710 7.003753 4.150129 7.181506 9.959650 8.916439 4.335232 6.557982 22.813086 20.912417 9.441260 5.118752 13.751519 24.628388 8.399589 4.260864 12.015736 25.670710 5.699209 3.981479 8.985732 12.694616 8.296908 24.345394 39.251914 34.571855 13.882955 10.576756 3.819252 3.568237 3.662116 1.006013 0.697307 0.101914 5.125117 2.733918 2.984007 1.607667 1.339153 1.233172 0.631548 0.391338 0.076065 0.084652 8.448168 8.626887 2.684637 1.891187 0.321691 9.190663 12.696160 6.647720 6.761981 3.139250 8.950344 12.745562 3.249261 3.171761 1.324891 2.758146 6.756331 3.688718 1.163705 0.225864 2.116722 7.145053 3.407712 1.205465 0.242658 0.400329 4.404496 2.123893 0.294750 0.355148 13.162737 12.787298 4.518100 3.489502 0.768829 14.443850 20.413680 9.830516 8.712717 3.536204 13.113853 20.479362 4.871093 5.228951 1.962192 5.629263 11.548676 7.111008 2.449399 0.560520 4.608176 11.273773 6.701761 2.423771 0.566848 1.751240 8.191007 4.647242 1.148628 1.325279 1.318369 2.283008 8.550297 14.279614 1.610479 0.032168 0.584856 0.623096 0.011553 1.045720 1.382987 0.034096 23.629327 0.797697 0.839698 0.394895 1.012329 1.841511 0.233434 1.958240 3.329919 0.483987 8.884060 1.248382 2.009632 5.217526 4.160695 6.744772 3.890306 3.967620 1.325082 1.682987 2.278990 1.084689 0.353781 0.117712 1.852824 0.995103 2.017503 0.466291 0.669546 0.627218 0.393188 0.123889 0.025897 0.004164 0.866431 1.045045 0.985205 0.827045 0.267687 0.787294 0.690772 0.860982 0.394659 0.730100 0.801470 0.360673 0.924659 0.116355 0.370613
 24.966908 49.626862 74.154346 17.273026 75.898325 3.712081 3.434291 0.882123 3.770756 8.541506 2.775345 8.297784 2.536156 17.065232 2.115271 9.459919 9.919650 2.473815 10.519400 9.643964 23.640173 7.342657 23.358170 8.309186 19.600637 5.702399 38.549745 2.528907 7.231083 7.625874 6.766125 8.759609 18.548264 38.350272 4.710318 15.603633 19.112643 4.842309 19.607487 15.451502 41.952286 11.702826 41.510012 12.336657 28.054937 8.339140 51.016602 5.396058 13.325911 16.199025 15.143264 12.458038 25.417140 49.318913 6.796622 40.227842 72.430447 52.263403 32.279079 30.990554 13.728138 6.229565 5.178722 1.326284 1.758435 0.271565 8.408511 5.399805 5.602089 5.582564 2.554868 3.283973 1.795298 0.714273 0.266845 0.225746 15.599613 12.595504 3.869594 5.045546 0.944752 15.396626 21.841172 13.769738 15.108687 11.470620 12.826691 20.878515 5.901568 8.516209 4.045092 3.636283 12.461124 6.885591 2.277122 0.799105 4.862856 12.317739 8.089230 2.050494 0.670733 0.967720 13.612443 5.673946 0.943867 0.916398 25.654802 19.874448 7.879872 10.969251 2.481017 23.112205 34.612580 20.699987 23.700013 12.883689 19.736739 34.292186 9.340497 14.313520 6.120662 7.928447 20.925737 12.616420 6.200102 2.005985 9.115705 19.588178 13.436698 4.534176 1.832356 3.335148 21.601594 10.689754 2.949026 3.851912 3.288609 4.599429 19.206416 2.565556 20.231350 0.054975 1.878857 0.014818 1.631224 1.751141 0.038742 2.285979 1.030827 29.330041 1.208607 0.841686 2.775092 0.388461 2.950258 4.070591 0.738937 4.168919 2.222503 9.015528 2.409769 13.095972 9.747143 9.910144 13.226186 12.428927 7.004423 3.687927 3.290680 1.047763 2.746468 0.108189 2.973271 3.288804 4.248594 2.613401 2.145656 4.438730 0.953098 1.087540 0.123929 0.408638 1.902173 1.907277 1.387294 2.248201 1.000925 1.875553 1.564230 2.346987 1.702891 1.394235 2.582156 1.702775 1.369649 0.763985 0.897341
 8.120322 19.504527 12.705509 23.469366 32.434090 1.247189 0.614021 0.884156 1.070449 1.885082 3.139827 3.430855 1.460346 2.115271 6.019620 3.227651 1.703258 2.562561 3.129890 3.240590 4.870097 8.927776 10.004398 1.657808 4.920243 4.046669 6.089654 2.086880 7.178680 3.613961 14.913355 2.495085 7.688774 4.750312 12.537658 5.585530 3.307168 5.521195 6.938318 5.106204 7.945492 14.969803 17.938397 2.940792 8.428805 7.961279 11.791215 3.061232 9.736307 5.294828 19.997150 3.776993 10.446112 6.580927 15.786178 12.348380 33.928298 21.042923 13.266688 8.196625 7.450901 2.315211 1.629874 0.510241 0.459391 0.121826 4.031314 2.828840 1.870713 3.204985 0.988005 1.178116 0.823644 0.290882 0.115739 0.082148 5.989981 4.230206 1.486403 1.179055 0.467912 5.476136 9.964474 7.061096 4.479191 6.455188 4.052720 10.295178 2.471459 2.946875 1.991843 1.428500 6.618251 2.635074 0.835322 0.339839 1.351886 4.645296 2.924776 0.908594 0.328753 0.367834 7.632017 2.417243 0.439122 0.251667 10.345861 7.230260 3.156653 2.221181 1.377005 7.770217 15.110649 10.589933 6.220410 7.077683 6.366399 16.857236 3.896519 4.412483 3.259735 2.814767 10.735961 4.972892 1.714291 0.871394 2.655017 7.983920 4.918549 1.962892 1.106518 1.032037 11.065301 4.200680 1.578151 0.770023 0.866742 2.122724 1.328329 9.416712 6.790558 0.022280 0.023378 0.629395 0.376779 0.030251 1.197471 1.039565 0.679249 0.766847 16.345699 0.285872 0.177048 1.106234 0.699874 0.442723 2.686748 1.735903 1.704326 1.124699 8.326798 2.711644 3.810453 3.208632 3.380146 2.612313 3.502317 0.975281 0.602400 0.294485 0.341730 0.011285 1.122927 1.455011 0.959964 1.209227 0.533854 1.038760 0.229634 0.256928 0.207408 0.006515 0.539301 0.462319 0.431880 0.406415 0.365205 0.628060 0.672107 0.690137 0.688523 0.540944 0.703948 0.629047 0.567893 0.266478 0.244445
 146.692300 213.939593 91.607463 50.960039 91.815101 38.844876 10.981482 6.276921 11.308142 18.933741 11.741241 17.005874 4.069464 9.459919 3.227651 92.626745 27.247701 15.526967 27.809190 86.582636 43.480699 27.441506 40.541997 30.897930 51.822056 10.422927 24.488862 18.171428 32.317767 11.729156 9.723395 30.008118 44.968132 23.974637 8.468370 125.640967 40.375034 23.265299 40.252516 114.575361 63.188399 38.549849 59.759313 55.703736 91.204488 18.253098 40.259748 35.815951 59.610656 22.958063 20.028651 51.864755 76.166629 37.667061 15.039196 96.808741 201.218640 119.678812 91.721949 53.743609 31.842737 14.108245 12.523274 3.236550 3.559235 0.546101 21.898217 16.152361 12.245513 13.832108 7.873736 5.776938 3.844515 1.349188 0.626704 0.440249 35.484048 29.761990 9.187216 9.764934 1.877254 35.202885 53.722839 40.243893 30.115028 27.027345 31.036812 55.634684 19.700924 14.631824 9.055996 9.033014 36.952224 18.802980 3.977108 1.942228 9.930602 28.943278 15.057372 4.297907 1.386446 1.949557 35.526259 12.051212 2.261275 1.719764 60.820118 45.680537 19.310542 19.323481 5.002687 54.371334 81.064611 59.440760 42.229959 30.004429 47.969113 92.154663 31.141002 23.702761 14.414723 18.722058 59.119038 31.275997 8.970684 5.013876 19.938507 48.715079 26.379588 11.108842 4.156389 6.990863 58.296910 23.274254 7.470808 6.605895 61.787159 36.341054 11.251509 11.486992 11.273341 65.147945 6.459922 4.866384 5.599949 5.695723 6.100447 4.996733 0.211165 0.244783 0.170346 21.769451 11.503276 12.711550 11.255448 7.059552 6.380037 6.559817 2.149120 2.514883 1.915953 28.943556 28.831866 20.812443 36.150876 21.718335 16.002241 7.260145 8.648363 3.032294 4.535244 0.233771 8.119583 9.946962 9.084574 8.434103 8.236729 5.345224 1.774131 0.486572 0.290422 0.622042 3.895772 3.910750 3.349748 4.373729 1.680296 4.233641 4.414489 4.416506 3.421224 4.287622 4.105868 3.265544 2.522472 1.647868 1.526950
 90.115683 75.738003 121.757077 26.873221 55.162092 11.332723 21.562975 3.012426 7.369389 14.176214 4.280814 7.275520 4.386382 9.919650 1.703258 27.247701 53.288735 7.621214 18.527525 31.653374 40.360920 11.385067 19.680265 47.529795 31.788312 9.721351 22.629956 8.957612 11.369859 13.131174 5.304833 19.789862 18.365810 27.437860 4.521429 38.034843 74.536792 11.732294 26.639092 54.412397 72.564629 17.985238 32.811371 61.469031 44.433701 13.585733 31.628341 19.118659 20.887928 27.745896 11.730192 33.622123 29.501962 46.528851 8.107143 56.341513 116.328306 81.862828 71.584803 26.735181 16.793441 9.191917 7.109219 2.595877 2.143840 0.307037 12.568515 9.966289 5.763248 7.090270 5.865332 2.930160 2.401969 1.105909 0.368139 0.185969 22.993154 17.449638 7.601375 5.648340 1.026482 22.419064 31.451518 25.247916 14.306090 13.931581 17.318779 31.676159 13.718752 7.076673 5.251773 6.714033 22.407923 14.342481 3.093024 1.081784 6.280642 13.837317 8.212583 3.248951 0.639616 1.181009 18.540886 7.901376 1.423279 0.702580 38.364240 27.586470 14.636400 10.462357 2.713585 34.379126 50.028088 38.552581 20.937913 15.624883 27.124507 52.844970 20.737778 11.307285 8.098317 13.056489 36.001405 23.407710 5.809495 2.819757 13.249559 24.737862 15.954761 8.106590 2.072361 4.669250 30.991872 15.726617 5.051795 2.627546 29.790112 7.590674 25.379000 4.587630 7.261603 3.408513 53.635318 1.249838 2.820751 5.524718 0.155881 0.148264 3.754224 4.625524 0.068149 7.733015 21.628318 4.364796 6.686160 6.352153 1.379989 1.829406 3.891703 5.321065 0.830058 11.510802 16.763949 14.578518 32.265219 8.882359 7.760785 5.036607 3.548064 2.287463 2.349421 0.142152 4.414219 5.189076 3.228318 3.224671 5.493423 2.441133 1.249248 0.927485 0.183787 0.050200 2.102540 1.960102 2.659137 2.027127 0.882056 2.165631 2.519797 1.841136 1.810596 2.698380 1.785063 1.811639 2.177642 1.041542 0.619922
 51.188048 45.804187 27.636717 70.689467 25.241170 6.449940 2.970102 12.599523 2.855583 3.966143 8.504551 3.655241 3.954285 2.473815 2.562561 15.526967 7.621214 31.833595 7.064151 18.168735 10.360451 24.970628 9.646118 8.451025 10.500133 11.284739 6.367333 26.122807 17.822032 8.708505 5.978872 8.136927 9.506262 6.463516 7.952613 22.161504 12.034718 45.358418 10.600043 30.905779 17.153190 42.945440 15.539362 15.755487 18.323062 21.628562 10.606804 32.470303 23.488281 12.236702 8.932190 15.984387 16.313521 10.713003 16.955971 41.056520 78.076195 48.048476 35.318418 12.013443 6.046538 5.062744 4.428248 1.877394 0.828828 0.141171 9.881912 6.899604 3.384601 2.681084 4.285903 1.580469 0.956550 0.441714 0.238876 0.086227 12.036340 10.697456 4.712980 2.101027 0.431777 13.213259 23.234748 17.342071 7.608527 5.174746 10.919970 25.238185 10.360989 4.069135 2.296955 5.059624 15.959216 10.368702 1.261870 0.742139 2.545698 8.665320 4.460497 1.517818 0.286864 0.578328 7.709325 3.202006 0.896007 0.333606 20.167220 16.221018 7.930119 3.856850 1.107098 21.172512 34.289490 25.404880 9.949024 5.686021 17.149564 39.674954 14.956714 6.310776 3.440856 9.905717 24.758683 15.622880 2.500480 1.435066 6.109862 15.652962 8.871349 4.118305 0.837344 2.822570 14.266961 6.907577 2.975583 1.317271 15.308820 4.619610 2.579315 24.361021 2.371532 1.893935 0.915653 34.217183 0.593022 0.104990 5.087037 0.101376 3.561316 0.066852 2.111416 4.504506 2.441379 20.937150 2.258034 0.932177 6.281217 0.863522 4.148317 0.477622 3.254754 10.903585 11.934083 6.639604 10.163845 3.380190 1.774295 2.062557 2.047952 1.308676 0.789360 0.122240 3.037916 2.289795 1.727089 0.589199 2.687648 0.380380 0.158470 0.062836 0.028243 0.010144 1.025154 1.080594 1.718586 0.707491 0.208408 1.368364 1.679850 0.905926 0.614382 2.046230 0.987459 0.654295 0.557385 0.738497 0.177101
 95.440716 79.262042 59.695309 26.416744 135.363937 11.616253 7.307557 2.829890 24.779134 8.246789 4.350224 14.260595 2.431012 10.519400 3.129890 27.809190 18.527525 7.064151 60.771560 32.186748 21.552298 11.469205 41.223438 20.295617 21.514931 6.092919 29.295988 8.192032 11.399237 7.070957 9.988028 51.974355 30.887172 23.580153 6.972633 38.649805 27.430167 10.785815 82.864979 54.487389 36.199543 17.931433 73.442770 36.148781 35.836196 10.207763 52.685516 17.524098 21.055121 14.507928 23.772951 64.889794 41.545610 32.047628 10.428240 53.538405 127.560914 90.614379 67.728818 35.565244 21.170983 8.527234 7.254368 2.583460 1.995368 0.353712 14.835038 9.744568 8.843491 8.918841 4.255733 3.152595 3.321341 1.019433 0.396415 0.286015 21.670769 17.776479 7.317983 5.905753 1.192017 21.511804 37.534917 24.949400 21.387378 17.755150 17.712200 36.075246 10.594726 8.328285 7.280943 6.814368 22.121068 10.895437 3.027577 1.283076 5.515462 20.784295 8.485343 3.234654 1.004848 1.283674 23.138427 10.525627 1.423697 1.038813 36.831270 28.703459 14.412263 12.368157 3.105142 33.636259 57.191077 37.780412 29.499177 19.897671 27.427794 58.192950 17.265916 14.902524 10.521135 13.496751 37.010071 20.072671 7.480255 3.628336 11.214774 34.002914 16.302668 7.974216 3.269427 4.533277 37.981060 19.836083 4.847951 3.899309 34.114280 7.503311 6.474442 3.198252 30.420836 2.454416 2.683256 1.196902 59.066223 0.138823 0.145011 4.842136 0.085877 4.295056 2.575628 7.934197 6.364248 3.236256 21.730126 1.749031 1.098950 6.548011 0.756211 5.291957 2.843811 11.436164 17.807286 20.519382 30.721693 13.711670 10.062015 3.726407 4.235537 3.436984 1.579516 0.314963 4.959543 5.573377 6.707697 4.184737 3.400063 2.158526 2.455613 1.010066 0.138099 0.155693 2.238232 1.964241 2.642639 2.006130 0.909270 2.528951 2.639872 2.850088 2.537629 2.294658 2.255887 2.427988 2.154905 0.802505 0.883473
 216.548949 179.483000 93.455832 52.039854 94.808602 42.772607 14.382221 8.378517 14.497743 16.471350 10.219592 15.228477 4.058886 9.643964 3.240590 86.582636 31.653374 18.168735 32.186748 111.976458 41.029063 26.107053 39.123041 42.350079 43.684855 10.384049 24.976317 25.473831 27.339004 11.777255 9.711782 40.456229 39.010781 24.405737 8.546271 107.087865 43.495607 24.860299 43.668003 164.553208 63.161769 38.792555 60.555320 79.421790 75.515288 18.148232 41.280992 52.223798 49.673418 23.278253 20.067344 74.582235 65.005092 38.502968 15.363453 92.946265 215.488763 128.478150 107.651715 58.713091 33.058242 14.018210 12.557612 3.343176 3.994265 0.533719 23.693530 18.508275 12.716860 14.403362 9.418598 6.450272 4.241410 1.486334 0.628438 0.448475 35.624764 30.252266 9.735211 10.955009 1.828798 35.100409 58.482444 46.410200 32.072135 28.151287 31.054354 59.616233 23.495305 16.101454 10.098898 9.123011 41.366927 22.157934 4.334148 1.915849 10.811073 29.568295 16.450999 4.776368 1.433283 1.907408 36.925808 13.097289 2.321496 1.735698 61.841919 47.136609 21.004871 21.844892 4.862690 54.214306 87.922320 68.111711 45.923480 31.184859 47.747205 97.854428 36.999038 25.212556 15.740541 18.425421 64.008146 35.536044 9.727222 4.910602 20.812945 50.172903 28.259971 12.725625 4.398757 6.793603 60.261188 24.669036 8.072343 6.640919 80.906549 29.340020 10.648478 10.976695 11.224701 65.626764 15.218387 11.610236 13.100870 2.392465 2.379717 2.040425 0.197503 0.247090 0.147877 21.937498 13.586823 14.862297 13.490256 6.034345 5.458197 5.754072 2.091988 2.421783 1.845184 25.203572 32.199090 21.070057 42.513706 23.128898 15.702645 6.841378 8.160482 2.610153 5.578376 0.191416 8.243992 10.884386 8.761032 8.037110 10.253687 6.668302 1.914261 0.830858 0.356051 0.807470 3.831464 3.858465 3.161781 4.648287 1.405700 4.374306 4.908883 4.548444 3.346661 5.194867 4.351635 3.375714 2.927295 1.535748 1.369840
 90.907579 257.493087 318.136102 73.268477 134.786255 16.536960 13.988080 3.741277 8.127000 66.590854 13.980267 22.337541 12.311112 23.640173 4.870097 43.480699 40.360920 10.360451 21.552298 41.029063 169.048115 35.428095 56.141921 32.095648 133.902485 26.506241 52.339595 10.529164 36.468098 35.872594 14.758869 20.823501 56.544819 63.968415 12.509768 74.612855 77.991135 20.036449 37.758993 61.342996 241.686433 52.986658 85.800278 45.916396 171.388968 37.113943 73.496610 21.100388 66.009424 70.922976 30.381008 34.216898 91.449114 106.756617 21.545662 142.317751 253.568543 196.633628 107.387856 128.618422 46.065308 22.275159 19.502110 6.082078 5.131311 0.863906 30.105240 20.316360 16.148478 18.226192 10.034152 9.751733 6.208657 2.480715 1.064012 0.622401 54.818231 47.347624 16.281339 14.226920 2.990802 56.256410 77.068970 51.401291 39.564608 37.648706 47.586701 75.362119 23.537520 23.974908 13.393385 16.739194 47.013758 26.418251 7.235460 3.307548 15.048829 39.255282 25.808223 7.365123 2.139579 3.120331 44.866727 20.014411 3.701730 2.288083 89.456576 74.311410 29.839289 28.597604 8.185463 86.221218 124.105763 76.118308 58.537608 42.761672 72.819356 123.924795 36.198609 38.106833 20.688609 32.274318 77.188424 47.602007 15.423905 8.391355 30.431179 66.132722 45.657675 16.275813 6.474059 11.532746 72.968376 38.817490 11.657660 8.239214 15.471243 44.504341 78.607509 15.643675 19.146665 3.737651 14.940879 0.250961 0.385458 66.137285 2.839823 4.214246 14.494595 14.540752 0.352653 8.017818 12.857599 2.749385 3.285426 21.982679 7.727994 9.550392 13.852020 14.391584 3.283308 43.875947 34.983533 40.992343 40.821243 86.107155 25.335865 14.180674 14.228200 8.095197 5.197003 0.354788 13.271331 12.356992 12.045853 9.754083 9.944805 12.306429 6.532344 1.406175 1.010966 0.279395 7.404265 7.299321 7.485051 6.548555 3.102530 6.790842 6.297240 6.859856 6.050356 5.817555 7.575537 5.823767 5.187858 3.528330 2.774209
