 888.024246 412.020057 401.602689 395.075016 388.943769 65.282283 63.840983 60.722932 60.979237 35.803649 35.823849 34.138887 34.091861 34.125446 32.689726 138.871898 136.452521 129.902871 130.026335 178.245496 92.071209 91.096220 87.145062 174.605323 91.323423 87.792670 87.544304 166.262015 90.989021 86.820068 83.294706 165.906982 86.350508 87.077144 83.886377 197.850423 192.707890 185.513393 185.047604 316.849609 157.661297 154.105727 148.144671 309.888705 156.486354 149.392962 149.081388 298.887702 154.455995 148.400816 142.305020 292.884310 146.064846 147.435371 143.829391 396.556729 428.447568 415.140557 431.224020 432.656747 381.640170 34.384441 32.063437 34.147420 34.376131 29.292081 36.986501 36.336742 35.234047 36.046317 35.470748 31.715480 31.211142 34.352635 32.327457 30.286161 88.382039 82.210853 87.828615 88.812801 75.937244 89.113109 94.574256 93.765792 92.095153 91.725044 83.500480 93.701960 91.003525 82.200055 79.978265 86.395856 91.235937 88.908057 87.744782 82.753721 86.175480 88.486670 80.334494 87.248688 77.133725 76.738371 92.291654 81.520212 83.126440 78.889817 150.839124 139.858776 150.095735 151.149478 131.983590 152.322119 160.158654 159.912702 159.346601 153.592995 144.255004 158.429236 154.326280 142.140773 135.264224 144.079921 151.200171 146.136596 148.303314 139.328334 143.615867 149.055515 135.865875 148.682252 130.602373 135.430295 156.682255 143.209705 145.031799 139.408642 298.893747 51.592051 51.518679 49.639489 50.546532 94.775641 94.400840 94.283416 94.688078 3.786084 3.573668 3.630586 3.715872 3.494394 3.533989 35.664492 35.666145 35.667213 35.669877 11.885702 11.483836 11.377315 11.410935 11.591485 11.065035 98.064534 100.679597 105.744002 110.734728 113.024712 94.292297 30.552962 29.509573 37.066674 36.194142 28.386032 33.888710 34.394837 33.543347 32.843199 34.555207 31.401424 29.942494 34.590142 32.723168 31.762043 16.975399 16.308976 18.280532 18.018173 15.955534 17.068907 17.907029 17.485562 17.068369 17.271456 17.009910 16.331635 18.347734 17.084907 17.102736
 412.020057 893.216716 399.242852 399.046712 389.835644 64.997011 35.816748 33.855891 33.407799 63.527637 64.616806 61.728259 34.057697 33.862784 32.898090 176.297280 91.049562 86.828779 85.390504 139.326354 136.326406 137.400855 131.929948 92.147046 173.120067 87.691686 86.998306 86.898529 175.504222 86.727368 84.052118 85.347180 166.779395 86.221029 84.221978 313.809361 153.190148 148.859975 146.635452 199.072565 194.945231 194.446185 187.185440 157.229093 310.408988 149.617827 148.938782 150.073861 310.750079 147.948010 143.843231 144.955967 294.148574 146.104832 144.139445 456.151472 424.912316 448.549265 364.705441 380.033245 419.010255 36.588901 38.122248 32.831752 34.881925 35.888780 37.740303 31.260785 32.560474 37.107511 32.484945 32.382469 36.251483 28.400203 30.911254 30.736665 91.100879 96.461124 81.675410 86.292052 91.157752 96.534368 98.800203 81.157107 84.095393 97.438440 97.332931 94.008562 81.328964 80.795310 91.331879 86.087363 80.387016 85.141361 73.652241 82.279115 90.509235 83.491430 84.541950 72.659922 79.974037 91.854689 92.335983 93.536851 77.402941 77.965649 151.230148 159.782684 134.175613 139.435515 152.359840 168.002969 172.254266 139.366516 143.463082 166.565791 165.774961 156.731840 135.124288 135.043441 151.726607 151.592571 138.504970 148.091076 127.443372 144.925629 155.907615 142.423177 146.162358 124.552382 138.541444 157.613030 154.484242 160.997419 130.192671 132.716393 52.558076 298.888907 51.530528 53.332666 50.784320 94.688754 4.150686 4.061479 3.684532 94.561053 94.804909 94.461911 3.915545 3.789181 3.841329 35.674577 11.772630 11.622124 11.376552 35.679324 35.670766 35.660343 11.443991 11.182060 11.349722 118.945340 105.231623 110.440022 87.015000 92.931262 103.567409 35.098077 39.956324 33.715431 36.460504 40.879047 34.071883 26.573105 28.304283 34.951283 28.575521 32.471061 38.020717 24.906921 29.385483 31.669156 18.196365 19.540727 17.226116 18.421077 19.867494 17.625079 15.182030 15.763639 17.724695 15.859586 17.284629 18.838373 14.833855 16.283723 17.059186
 401.602689 399.242852 864.856904 385.429735 378.184910 35.735851 62.752009 32.931456 32.771749 62.945643 34.752486 33.003565 60.255088 60.510214 31.930448 90.600494 170.797684 84.455843 83.559984 91.648160 172.925025 88.396043 84.458497 134.547893 133.658088 129.176443 129.078882 84.639567 88.399132 164.270860 81.597439 83.984514 83.693121 164.979796 82.041846 153.811338 301.432010 144.620792 142.583119 156.588206 309.435849 149.483343 144.240510 191.450876 190.321128 183.251686 182.855325 146.501772 150.206912 293.241773 139.688874 142.958837 142.042847 291.857979 140.509639 394.325372 409.264738 406.112808 429.133116 405.314501 385.166563 35.023534 31.998613 32.125568 30.641183 30.475529 35.127485 36.110686 35.270980 34.321614 35.482308 31.877008 31.289345 34.244102 31.166108 29.671700 88.220606 82.524446 83.251774 78.937418 78.155813 90.381307 90.814048 93.486658 91.019802 88.526729 82.457517 89.555343 90.910302 81.303119 79.969133 81.106488 90.212267 89.171424 86.449788 80.128858 78.230199 88.800290 80.796602 86.042394 75.343819 78.730647 87.742633 81.325277 80.594793 77.081137 147.623656 141.503520 143.565824 136.267285 133.036282 152.173102 156.913502 160.221165 155.702610 150.239876 141.839054 152.119964 153.970821 138.538829 134.769810 136.425521 148.588822 147.439517 144.332822 136.905188 133.478128 147.787686 136.341328 145.260380 127.990716 136.535924 150.786597 143.878376 142.066657 135.727348 50.931295 50.259663 298.895477 49.426737 50.230295 3.829499 94.452091 3.816137 3.733963 94.566295 3.589439 3.804697 94.364678 94.520350 3.615655 11.834335 35.659528 11.470456 11.531225 35.659984 11.355423 11.226133 35.651183 35.651109 11.285894 100.127636 89.635191 94.176290 109.158089 98.544813 97.277616 33.805342 30.087045 32.667618 28.701058 32.014826 29.512895 34.776879 34.341433 30.048680 35.367447 32.103643 30.630541 35.645352 30.383870 31.520536 16.761709 15.811328 16.631235 15.700645 16.426230 16.351833 17.524143 17.270066 16.145195 17.604646 16.300292 15.640360 16.923104 16.197503 16.140459
 395.075016 399.046712 385.429735 858.281017 375.339495 35.121382 34.206362 59.912972 32.143574 34.189366 63.649726 33.043937 60.420999 32.773288 58.803473 89.169423 87.253466 164.224422 82.139896 89.970814 87.780517 173.278222 84.448191 88.017345 87.376463 165.891677 83.990233 127.818726 134.859579 128.151989 124.801063 82.389971 83.729705 83.634314 160.946961 152.207408 147.364457 293.283373 140.814676 153.438560 150.140004 305.451671 143.598628 150.136492 150.345526 294.485933 142.958345 182.747184 190.432751 181.367063 176.418201 140.411436 141.896966 141.536854 287.257148 385.094566 421.795876 398.785670 403.646745 411.082455 392.766676 33.175776 31.732074 31.738982 32.100640 29.527953 35.498872 34.144682 35.399424 35.098453 34.036217 33.040096 32.189722 35.528337 32.099398 31.405232 84.533380 81.665081 81.538567 81.974308 76.646921 85.887218 91.999275 88.728939 91.232829 90.312478 82.131638 89.680791 87.609630 83.967410 82.723570 80.971481 85.798254 86.364537 88.543738 82.634737 81.799777 89.030724 83.076752 89.616202 79.767360 76.375945 89.508811 83.464401 82.131646 80.792957 143.514228 138.952026 138.434992 139.146764 132.207528 146.262649 157.330296 151.117434 154.884532 151.679027 140.725638 152.195493 147.616686 141.638998 139.251723 136.244828 143.446422 143.970010 145.795178 139.712931 136.874059 147.907912 137.439854 148.446952 133.919421 132.165240 152.817891 143.933441 140.561371 139.414327 48.086613 50.579414 48.303327 298.883419 48.543908 3.558425 3.462027 94.369764 3.238942 3.647697 94.745050 3.653972 94.378838 3.616152 94.476390 11.097502 10.980747 35.646523 10.784354 11.067347 35.654147 11.096351 35.647393 10.916119 35.654140 95.738637 100.625931 92.539594 97.774921 102.630327 101.807069 28.735124 28.903877 30.350415 30.691271 29.032878 30.630802 31.095955 32.468499 30.783009 31.412575 33.379273 30.317199 36.753067 31.255342 33.471454 15.671706 15.935952 16.543189 16.168438 15.985862 16.295839 16.425966 17.233446 16.709163 17.155277 17.035150 16.910068 18.030636 17.124789 17.460720
 388.943769 389.835644 378.184910 375.339495 845.179287 34.255446 33.584827 31.694487 59.606112 33.326752 33.930411 60.470744 31.965018 60.269567 58.533086 87.134735 85.464810 81.303668 162.949361 87.643995 85.673712 86.150842 165.176318 86.515936 85.277680 82.408635 165.582015 81.356330 86.261016 81.651954 159.823042 126.405207 127.629117 127.337349 124.188724 149.140456 144.121281 139.564363 292.180809 149.803789 147.299426 145.817224 293.158181 147.719458 147.098003 140.557066 295.719445 140.707076 146.734051 140.135678 285.000912 177.756366 179.047649 178.448700 175.461334 370.570975 434.693998 405.278356 394.286517 376.421989 396.231280 34.157000 33.226236 29.197411 30.628099 29.522311 36.553472 35.480629 33.756874 35.011600 32.389288 30.928920 31.662105 30.474385 33.762973 29.803291 87.355509 85.536708 76.370877 78.289864 77.015470 87.474780 93.456965 90.843739 85.342787 89.506181 84.713848 92.612038 83.405505 78.755750 81.241166 74.864128 89.635977 82.713682 77.497217 85.793315 78.490370 87.231243 79.226823 78.638983 76.971326 75.873622 90.010354 81.851351 85.363828 75.567649 148.945335 144.257323 133.391804 131.458513 134.385791 147.222682 158.681156 152.813553 143.583194 151.912716 142.708069 157.676982 142.140103 132.030378 138.141196 128.469619 150.738796 140.062586 131.041023 143.580193 132.813819 148.921211 134.105862 134.558662 131.235886 132.011029 155.567871 142.019671 142.781480 129.478406 48.530268 47.679963 48.751990 47.717687 298.894944 3.147679 3.534355 3.469203 94.654482 3.438870 3.286934 94.448836 3.625066 94.579922 94.532636 10.729094 10.920949 10.593684 35.637992 10.707642 10.835828 35.639859 10.846497 35.659227 35.645209 86.123849 102.827652 96.100096 94.317256 91.868885 102.055605 31.808496 31.543182 26.199860 27.953024 29.687218 31.895709 33.159224 31.342438 31.373831 30.089249 30.644600 31.089049 28.104516 36.252135 31.576812 16.394820 16.403017 15.318927 15.691667 15.764880 16.658342 16.960832 16.247287 16.352578 16.109035 16.370018 16.279563 15.864670 17.309077 16.236899
 65.282283 64.997011 35.735851 35.121382 34.255446 12.223661 4.834073 4.495318 4.434764 4.739214 4.709058 4.476543 2.962228 2.942299 2.820515 27.633611 11.161369 10.436193 10.296557 27.788124 11.072043 10.890293 10.416224 13.313058 12.987729 7.735247 7.667572 12.386235 12.831771 7.664739 7.299116 12.113060 12.121838 7.617011 7.349724 37.495835 16.433973 15.654251 15.422208 37.819779 16.612654 16.210417 15.550376 23.970734 23.626138 13.237452 13.134586 22.645401 23.097124 13.173326 12.550926 21.760619 21.687986 12.998979 12.693811 41.390450 39.352985 41.522741 37.115379 39.109209 36.901211 3.383463 3.388540 3.215559 3.348875 3.133359 3.512729 3.059471 3.268263 3.424283 3.192526 3.003697 3.216896 2.841725 2.865624 2.955764 8.527160 8.559772 8.092591 8.507400 7.966909 8.857304 9.102476 7.947980 8.462997 8.844649 8.737076 8.798155 8.070632 7.678643 8.057566 8.286921 7.827553 8.183249 7.404757 7.513570 8.468641 8.219633 7.752694 7.219750 7.540528 8.103102 8.670890 8.426116 7.307036 7.606913 14.183119 14.204295 13.374650 14.079275 13.361707 15.259410 15.672083 13.729427 14.477057 14.866789 14.880793 14.658191 13.428549 13.224835 13.394912 14.211877 13.350566 13.913620 12.829559 12.985937 14.303451 13.767916 13.311897 12.466843 12.733042 14.011935 14.485633 14.518156 12.524351 13.097710 17.604555 17.131478 3.431452 3.235338 3.150855 30.075830 1.836181 1.820208 1.602977 1.669313 1.595740 1.588473 0.043454 0.043004 0.042868 8.998029 2.918455 2.835497 2.778193 2.937148 2.820316 2.801252 0.654282 0.655266 0.621530 10.389569 8.708261 10.177875 8.745123 9.466075 8.480279 2.855016 3.129338 3.298093 3.324431 3.113304 3.009491 2.464118 3.004910 2.891387 2.788746 2.787988 2.965115 2.297996 2.441746 2.954812 1.616355 1.626163 1.654521 1.687391 1.643852 1.528216 1.384069 1.484070 1.587092 1.455728 1.545801 1.589785 1.395985 1.438029 1.569554
 63.840983 35.816748 62.752009 34.206362 33.584827 4.834073 11.959343 4.405459 4.432054 4.724463 3.028560 2.890741 4.428703 4.425295 2.781968 11.145449 27.136572 10.261107 10.267578 13.307004 13.062564 7.822254 7.499755 27.213076 10.927881 10.372340 10.315047 12.145271 7.829860 12.123666 7.210333 12.167359 7.456423 12.173593 7.267590 16.545116 36.525291 15.354398 15.271573 24.065487 23.695908 13.305478 12.836600 36.859386 16.300169 15.460036 15.383946 22.281323 13.413059 22.071809 12.391670 21.882842 12.739081 21.940732 12.517687 36.756185 38.338716 40.196528 39.958517 40.038647 34.912336 3.266076 3.038150 3.105843 3.043461 2.792937 3.399403 3.408051 3.295366 3.196335 3.532674 3.075839 2.943858 3.163968 2.949255 2.816474 8.261613 7.897822 7.971288 7.890780 7.147806 8.422162 8.812172 8.831670 8.536608 8.222176 7.747652 8.530367 8.881845 7.831075 7.445748 7.904247 8.484899 8.858166 8.042560 7.504653 7.685150 8.319604 7.771981 8.043243 7.157891 7.270019 8.190961 7.743935 7.750082 7.342967 13.858757 13.532196 13.740623 13.592139 12.209331 14.260238 15.172102 15.184575 14.752329 13.902477 13.325717 14.356601 14.781393 13.325643 12.406643 13.227609 13.905203 14.448650 13.618297 12.683906 12.952763 13.927212 13.140005 13.799333 12.040739 12.699861 14.032101 13.802403 13.698092 12.959396 17.075640 3.406672 17.182077 3.274957 3.307100 1.697075 29.845580 1.658157 1.635097 1.661977 0.040787 0.044177 1.620040 1.549892 0.037293 2.971792 8.995546 2.857828 2.894098 2.968523 0.670832 0.668081 2.805617 2.850540 0.675929 8.361791 7.879377 9.480639 9.108394 9.808801 8.015630 2.885108 2.617465 3.100691 2.867029 2.675794 2.738757 3.043591 2.912356 2.515627 3.407736 2.974944 2.585465 2.917109 2.775173 2.782373 1.467502 1.405116 1.508420 1.488658 1.423563 1.464758 1.561938 1.530514 1.440249 1.628683 1.487051 1.384069 1.554522 1.518089 1.488644
 60.722932 33.855891 32.931456 59.912972 31.694487 4.495318 4.405459 11.303224 4.124220 2.856313 4.515328 2.730563 4.321927 2.743103 4.115294 10.375979 10.224365 25.679282 9.575794 12.414793 7.457122 12.373114 7.081367 12.183693 7.412623 11.974945 7.148000 25.634086 10.408773 9.979567 9.535531 11.386169 7.038051 7.119050 11.348114 15.489208 15.103613 34.672769 14.318193 22.507954 12.827077 22.211304 12.108647 22.048763 12.793305 21.633295 12.184168 34.679745 15.386308 14.792881 14.153771 20.649647 12.009053 12.111730 20.664211 34.524779 38.207754 35.096403 38.936510 37.772569 34.579726 2.848133 2.824046 3.025746 2.927041 2.526830 3.130577 3.240261 3.149373 3.107959 3.173902 2.771346 2.850817 3.181412 2.880382 2.754508 7.259366 7.207947 7.717603 7.457210 6.610254 7.509577 8.076331 8.371854 8.196604 7.992150 7.333788 7.941736 8.171527 7.127677 7.308473 7.651351 8.048684 7.926544 7.934211 7.417177 7.418700 7.843656 7.034740 8.080355 6.960161 6.592744 7.950241 7.357329 7.389805 7.103557 12.544512 12.195287 13.164621 12.751970 11.635302 12.972622 13.793704 14.228064 14.074559 13.461087 12.570894 13.493910 13.812772 12.329179 12.375933 12.728172 13.237252 13.024798 13.230838 12.503646 12.466083 13.031058 11.847256 13.615443 11.715399 11.655683 13.663546 12.676146 12.971361 12.403547 15.867398 3.076172 3.158891 16.376851 3.050406 1.553325 1.556763 29.750911 1.451441 0.045685 1.561209 0.042713 1.655835 0.040185 1.555937 2.689800 2.665983 8.984305 2.633163 0.620848 2.819157 0.604522 2.806003 0.648670 2.713836 7.767101 8.949725 7.374865 9.451065 8.894992 7.991724 2.124935 2.355318 3.022022 2.824124 2.237728 2.467468 2.860754 2.833252 2.545716 2.885468 2.449515 2.690109 3.209353 2.683349 2.796282 1.261485 1.294658 1.478100 1.344501 1.264792 1.326193 1.468924 1.440388 1.373825 1.452165 1.334264 1.367726 1.540352 1.447882 1.377605
 60.979237 33.407799 32.771749 32.143574 59.606112 4.434764 4.432054 4.124220 11.488808 2.822729 2.831967 4.321742 2.722037 4.309189 4.099760 10.260703 10.259243 9.600012 25.961773 12.198299 7.375013 7.311651 11.896534 12.256649 7.334721 7.132921 11.947789 11.373574 7.306517 7.056101 11.240614 25.960447 9.926646 9.964431 9.537655 15.311781 15.097183 14.385402 34.959908 22.166774 12.746941 12.464746 21.570779 22.128079 12.662261 12.190763 21.727748 20.887233 12.504070 12.152459 20.512388 34.717799 14.591891 14.672740 14.206175 33.917389 39.820372 36.792994 37.235512 37.622768 33.519439 3.063412 3.009992 2.783658 2.924891 2.490872 3.422624 3.331137 3.224731 3.230109 3.100231 2.915448 2.751033 3.027813 2.886296 2.640533 7.895109 7.639730 7.218094 7.510144 6.460084 7.877001 8.659777 8.575953 8.268687 8.069352 7.775514 8.731443 7.913077 7.471933 7.018417 7.111859 8.364024 7.907353 7.710140 7.291053 7.403314 8.183067 7.365425 7.702392 6.743949 6.539950 8.352126 7.247711 7.462570 6.841298 13.692363 12.845190 12.539193 12.773410 11.353436 13.406716 14.624033 14.532223 14.075904 13.407981 13.162278 14.853024 13.475446 12.634805 11.896250 12.142119 13.949653 13.219937 13.006463 12.212125 12.495626 13.855865 12.365951 13.017480 11.393757 11.774990 14.432152 12.894838 13.015421 12.120358 16.223356 3.008692 3.169996 2.980696 16.810488 1.361588 1.535386 1.548573 30.027865 0.035543 0.036796 1.615874 0.039912 1.529880 1.556281 2.624306 2.709576 2.603374 8.985779 0.623933 0.599973 2.816065 0.646083 2.850618 2.695764 6.965628 8.339957 7.953737 8.378466 9.250887 7.594669 2.662881 2.737688 2.452146 2.670420 2.239990 2.957506 3.018542 2.936352 2.819107 2.845464 2.741316 2.371496 2.901407 2.811637 2.578401 1.372125 1.401615 1.355306 1.390530 1.202947 1.475573 1.556051 1.494540 1.359912 1.437645 1.436960 1.316226 1.529795 1.376379 1.338773
 35.803649 63.527637 62.945643 34.189366 33.326752 4.739214 4.724463 2.856313 2.822729 11.897468 4.591548 4.376741 4.443489 4.397619 2.751157 12.915857 12.917511 7.444750 7.321190 11.039315 27.081780 10.619680 10.159673 10.983119 26.896394 10.338488 10.200078 7.466653 12.551627 12.212302 7.141658 7.347556 11.918428 12.059451 7.170424 23.245917 23.032582 12.828617 12.576054 16.515745 36.849824 15.769481 15.163835 16.342803 36.503165 15.394210 15.227239 13.029216 22.736067 22.194853 12.309572 12.598147 21.519990 21.782431 12.377607 40.828986 37.379029 40.060393 37.028342 36.417037 38.079260 3.341363 3.327315 3.096339 3.149936 3.140263 3.234054 3.081807 3.100398 3.210886 3.150488 2.942387 3.179608 2.949333 2.798783 2.784024 8.324037 8.461237 7.788228 7.792484 8.080238 8.723070 8.461146 8.070826 8.031807 8.492847 8.512816 8.221754 8.029506 7.390548 8.045703 7.996367 7.741482 7.999088 7.447852 7.420034 8.194459 7.839306 7.647840 7.553713 7.235892 7.968737 8.023905 8.201212 7.133960 7.103307 13.757344 14.120703 13.015035 12.820006 13.642993 15.045339 14.969594 13.952876 13.772607 14.784548 14.672556 13.992342 13.491770 12.511333 13.477042 13.790706 13.025498 13.544233 12.575595 13.126804 14.070273 13.101829 13.181410 12.831238 12.515548 13.837228 13.623265 14.229804 12.499747 12.295857 3.426914 16.639302 17.340364 3.233014 3.137363 1.684845 1.816821 0.044717 0.041662 29.966007 1.568207 1.665864 1.719706 1.689091 0.044693 2.917070 2.935166 0.673782 0.662560 8.999571 2.785972 2.737928 2.800764 2.735126 0.621402 9.886648 7.832172 9.177459 8.583859 8.469966 8.959058 3.082085 3.261395 3.127933 3.070661 3.322191 2.536285 2.614706 2.623272 2.718702 2.702859 2.753093 3.125843 2.737824 2.538667 2.715211 1.517935 1.530708 1.493868 1.541325 1.631742 1.412221 1.401731 1.405261 1.413846 1.433927 1.454890 1.510360 1.451076 1.393863 1.472491
 35.823849 64.616806 34.752486 63.649726 33.930411 4.709058 3.028560 4.515328 2.831967 4.591548 12.169670 4.461893 4.534995 2.882760 4.378231 12.861494 7.836071 12.435846 7.346949 10.952816 10.704391 27.532396 10.362630 7.910563 12.597642 12.555738 7.507684 10.474720 27.502368 10.437738 10.111312 7.369745 12.103512 7.462401 12.033389 23.385888 13.310229 22.613648 12.704195 16.421161 16.066935 37.202634 15.459940 13.583463 23.063045 22.777634 12.902639 15.721665 37.154757 15.505288 15.055741 12.638023 21.713949 12.719584 21.838937 39.480381 41.159454 39.827903 35.029279 37.994660 39.281604 3.233751 3.327935 2.923433 3.121375 2.998086 3.453857 3.036288 3.157746 3.578036 3.127946 3.069577 3.222924 3.008224 2.976683 3.033709 8.192357 8.431873 7.414610 7.817341 7.731972 8.449341 8.989204 7.858903 8.159466 9.235305 8.528528 8.717224 7.907465 7.786064 8.234527 7.605455 7.805269 8.101076 7.653113 7.769293 8.058942 8.049344 7.853792 7.603583 7.766071 7.724945 8.973459 8.350373 7.557355 7.722133 13.894272 14.099733 12.367552 13.023856 13.309441 14.555763 15.629134 13.384330 13.943108 15.528820 14.464322 14.770021 13.134142 13.138270 13.884615 13.223304 13.365389 13.881542 12.907213 13.444611 13.735113 13.681197 13.322343 12.709819 13.186253 13.350054 15.047919 14.426690 12.673652 13.123336 3.174929 17.060720 3.127197 18.017492 3.112617 1.581959 0.044663 1.752353 0.035061 1.609389 30.108325 1.633682 1.722952 0.045781 1.739449 2.756085 0.632952 2.865948 0.615629 2.747797 8.992678 2.761200 2.845733 0.620105 2.812016 9.709639 9.922120 8.850019 7.707591 9.001860 9.738934 2.770442 3.100516 2.475375 3.010428 3.016952 2.891226 2.447663 2.625704 3.248540 2.638512 2.826794 3.001652 2.749784 2.714462 3.081023 1.499919 1.568455 1.443482 1.497032 1.534980 1.542265 1.405460 1.482566 1.639646 1.464472 1.546974 1.614574 1.474121 1.507316 1.606067
 34.138887 61.728259 33.003565 33.043937 60.470744 4.476543 2.890741 2.730563 4.321742 4.376741 4.461893 11.607507 2.745622 4.354180 4.224737 12.235873 7.464241 7.121480 11.897032 10.435546 10.203968 10.314997 26.295834 7.564489 12.048386 7.196987 12.058039 7.116796 12.211926 7.103256 11.620410 9.977327 26.111521 10.016789 9.796051 22.362568 12.638278 12.308188 21.782990 15.648602 15.327870 15.326691 35.423107 12.989491 22.158196 12.363300 21.996726 12.377244 22.205555 12.229437 21.189404 14.720829 34.924882 14.745057 14.553194 38.999589 39.144617 38.485333 33.475146 35.542205 36.738502 3.291693 3.332943 2.781314 3.268998 3.006036 3.312913 2.928279 2.999001 3.282925 3.029747 2.933765 3.106708 2.659092 3.028978 2.770830 8.283168 8.494235 7.101701 8.116369 7.686659 8.580944 8.554793 7.592601 7.654812 8.475223 8.549678 8.384652 7.683112 7.424116 7.964010 7.283111 7.549996 7.792209 6.825302 7.756153 8.315588 7.694324 7.558017 6.861872 7.186602 7.772819 8.323493 7.977351 7.658653 6.989848 13.881822 14.032947 12.025714 13.062028 13.022253 14.861141 14.757660 13.035579 13.052023 14.404966 14.478538 14.129428 12.762903 12.403447 13.320350 12.797162 12.897342 13.246437 11.788864 13.181810 13.930017 13.058485 12.853814 11.738809 12.314363 13.550726 14.000188 13.644066 12.677905 12.024624 3.088282 15.944090 3.035132 3.088722 17.050614 1.415634 0.045083 0.040238 1.646634 1.510816 1.425726 29.887096 0.042483 1.659984 1.633255 2.619316 0.622646 0.604547 2.828077 2.607779 2.685967 8.985771 0.610587 2.763293 2.785362 9.274661 9.085821 8.716736 6.894592 8.446925 8.466178 3.042632 3.101418 2.309881 3.402087 2.996638 2.609577 2.272257 2.527863 2.770893 2.551445 2.708571 2.946505 2.101514 3.041338 2.594578 1.494221 1.637913 1.402778 1.608440 1.557953 1.403147 1.362274 1.329504 1.448336 1.427546 1.474153 1.546115 1.298700 1.504468 1.400602
 34.091861 34.057697 60.255088 60.420999 31.965018 2.962228 4.428703 4.321927 2.722037 4.443489 4.534995 2.745622 11.418799 4.247572 4.159109 7.640113 12.148013 11.949540 7.056621 7.706387 12.269700 12.416029 7.128556 10.367969 10.280185 25.987490 9.872050 10.039443 10.439169 25.806687 9.629614 7.099235 7.077446 11.689485 11.509908 13.082243 21.863905 21.758295 12.096333 13.220095 22.275421 22.247694 12.213301 15.485197 15.391304 35.049863 14.673267 15.062013 15.447820 34.757685 14.318423 12.157908 12.093651 21.028811 20.920603 36.144886 37.906919 35.976312 37.599029 37.803338 35.360182 3.090409 2.779189 2.931106 2.856646 2.658096 3.152967 3.252160 3.215485 3.233237 3.084033 2.988665 2.887637 3.227240 2.704396 2.697000 7.799369 7.116535 7.516018 7.296212 6.870289 7.998993 8.146021 8.390669 8.316255 8.321875 7.289883 8.066485 7.991997 7.585220 7.387344 7.405493 8.138053 7.743500 8.086406 7.053676 7.296923 8.090613 7.519494 8.044853 6.891005 6.908173 8.108549 7.419367 6.972445 6.933004 13.185904 12.175154 12.701081 12.566872 11.913804 13.588586 13.980285 14.286387 14.221083 13.917187 12.729041 13.790997 13.567023 12.873149 12.441264 12.500688 13.441750 12.826770 13.368869 12.267318 12.345298 13.512161 12.436064 13.322919 11.762299 12.204966 13.802590 12.821920 12.343608 12.194319 3.187116 3.049438 16.015067 16.534289 3.113409 0.041089 1.493918 1.699129 0.039440 1.597704 1.602462 0.044784 29.814668 1.598724 1.556414 0.634825 2.702654 2.832466 0.660916 2.694163 2.789892 0.619806 8.981349 2.708481 2.767663 8.659333 8.025212 7.910689 8.868626 8.984650 8.422319 2.747751 2.276317 2.787086 2.552389 2.544152 2.401485 2.961037 2.830073 2.783644 2.620325 3.011393 2.603616 3.363613 2.266377 2.590820 1.355451 1.284441 1.412780 1.356863 1.302050 1.384389 1.478686 1.460373 1.368193 1.447402 1.461998 1.346748 1.503400 1.288227 1.348890
 34.125446 33.862784 60.510214 32.773288 60.269567 2.942299 4.425295 2.743103 4.309189 4.397619 2.882760 4.354180 4.247572 11.530526 4.202003 7.589588 12.100275 7.144586 11.816894 7.656502 12.196712 7.440071 12.025550 10.345194 10.179088 9.915590 26.164104 7.160637 7.448062 11.710968 11.613544 9.992785 9.986928 26.024101 9.743770 13.005263 21.716995 12.295576 21.486531 13.188715 22.444000 12.698019 21.941858 15.464408 15.285532 14.771210 35.319300 12.452711 12.765215 21.448817 21.326808 14.785679 14.720962 34.871333 14.500742 34.644067 39.402736 36.414177 38.220255 36.303239 36.556826 3.217036 2.936899 2.854356 2.793751 2.668150 3.344289 3.291742 3.277497 3.125930 3.127227 2.866663 2.837426 2.934532 2.951156 2.719363 8.161229 7.542235 7.367476 7.173382 7.019328 8.200573 8.514753 8.549344 8.357475 8.057502 7.607426 8.529970 8.100530 7.367375 7.307183 7.257433 8.211926 7.805130 7.379867 7.506447 7.114704 8.257653 7.270168 7.588489 6.974592 6.767686 8.021569 7.303976 7.548856 6.932953 13.688635 12.883514 12.727246 12.146313 12.244963 13.741181 14.423790 14.682401 13.970432 13.809645 13.007657 14.521814 13.802259 12.490116 12.489182 12.192117 13.652961 13.015728 12.457742 12.756165 12.027242 13.817914 12.258978 12.965298 11.893736 11.812322 13.922301 12.764865 13.040367 11.938929 3.116613 2.990858 16.231505 3.103568 16.837383 0.034571 1.576115 0.037050 1.658585 1.518393 0.037599 1.686050 1.619661 29.961367 1.623426 0.626444 2.655890 0.655633 2.826914 2.624966 0.617030 2.777369 2.699615 8.993765 2.811687 7.758350 8.643486 7.800823 8.863731 8.813696 8.989945 2.888392 2.588481 2.568204 2.251279 2.495445 2.811723 2.958712 3.003315 2.502064 2.874450 2.615107 2.593431 2.702423 2.935812 2.637246 1.419018 1.370846 1.391085 1.328539 1.297794 1.464093 1.485105 1.498135 1.338860 1.424728 1.420432 1.332504 1.438933 1.367478 1.345578
 32.689726 32.898090 31.930448 58.803473 58.533086 2.820515 2.781968 4.115294 4.099760 2.751157 4.378231 4.224737 4.159109 4.202003 11.211316 7.290126 7.201018 11.352891 11.308822 7.329203 7.184606 12.014770 11.631955 7.276055 7.152520 11.500227 11.597550 9.579069 10.093765 9.627466 25.353917 9.524086 9.725633 9.701715 25.298596 12.554529 12.211484 20.706976 20.769120 12.600022 12.415722 21.712230 21.118789 12.444134 12.391044 20.813812 21.069835 14.373020 14.956516 14.332195 34.014527 14.121454 14.324762 14.289499 33.948614 32.283484 39.525913 34.614099 35.743753 35.667272 37.020303 3.021703 2.713035 2.625175 2.717070 2.570368 3.079732 3.145169 3.160065 3.268166 2.808106 2.741950 2.832589 2.895798 3.022055 2.941196 7.739995 6.991443 6.885025 6.996178 6.851270 7.694530 7.853932 8.088879 8.025753 8.396155 7.036493 7.937154 7.315703 7.089107 7.343182 6.706690 7.954275 7.159936 7.312288 7.764559 6.959252 8.110709 6.908008 7.379395 7.550415 6.551197 8.365398 7.269948 7.577647 7.415143 13.253832 11.932624 12.061179 11.969301 12.223892 12.779947 13.392338 13.618505 13.531130 14.317665 12.096697 13.779212 12.602931 12.098292 12.685086 11.397522 13.434447 12.164814 12.403435 13.219418 11.729156 13.777940 11.574005 12.488255 12.777064 11.312587 14.313669 12.403500 12.713712 12.516194 2.928489 2.923309 2.962705 15.851924 16.071057 0.032224 0.037383 1.506613 1.414809 0.039003 1.473160 1.585226 1.565773 1.593056 29.926006 0.577006 0.626096 2.592892 2.633387 0.596868 2.680128 2.696634 2.642149 2.678314 8.982747 7.021845 8.982942 7.616083 8.194810 8.259716 9.051347 2.537273 2.213570 2.312415 2.243574 2.359744 2.420508 2.749447 2.849415 2.801739 2.332153 2.510291 2.640565 2.654336 3.007817 3.190082 1.372402 1.217725 1.278940 1.308826 1.296258 1.270990 1.399205 1.457638 1.451699 1.259732 1.297287 1.320952 1.339071 1.466772 1.550696
 138.871898 176.297280 90.600494 89.169423 87.134735 27.633611 11.145449 10.375979 10.260703 12.915857 12.861494 12.235873 7.640113 7.589588 7.290126 67.937764 27.112594 25.416944 25.103169 59.166141 29.230486 28.808060 27.616450 29.765060 35.802094 19.930019 19.765193 27.705294 35.510155 19.766176 18.873970 27.189976 33.561707 19.629681 18.968117 97.977283 41.195482 39.347399 38.807380 78.998591 42.984948 42.014781 40.428813 52.119950 65.228883 33.924187 33.715271 49.239109 64.086632 33.809640 32.316846 47.454746 60.193836 33.324001 32.558883 103.229913 98.066016 103.769736 89.659590 94.724944 92.623636 8.417960 8.598833 7.881355 8.203455 7.861937 8.762004 7.509616 8.012511 8.589537 7.835027 7.434753 8.113476 6.831875 7.084337 7.293244 21.171287 21.679964 19.732698 20.688680 19.959835 22.069981 22.736202 19.487672 20.683597 22.249377 22.070058 21.933495 19.700665 18.867276 20.284829 20.395008 19.281483 20.226122 17.857169 18.629330 20.883213 20.241324 19.288370 17.381993 18.641902 20.330683 21.619598 21.207305 17.999636 18.715794 35.236983 35.886165 32.455706 34.046754 33.442456 38.114904 39.274522 33.567284 35.291131 37.396622 37.437790 36.524817 32.657013 32.305579 33.638388 35.220881 32.990663 34.606090 31.067336 32.335939 35.488418 33.987779 33.255947 30.018683 31.590898 35.170920 36.031516 36.486202 30.658994 32.103745 37.043020 45.826454 9.617783 9.229497 8.990786 65.583769 3.315588 3.265546 2.917194 7.296722 7.041348 7.034640 0.205654 0.202031 0.201226 21.788405 7.106252 6.918119 6.797829 8.444830 8.186249 8.107702 2.009823 1.993278 1.919972 25.553382 21.851843 25.013808 20.902037 22.518103 21.266368 7.213492 8.126529 7.934573 8.024893 7.849753 7.521405 5.983751 7.266845 7.314551 6.730577 6.804590 7.564884 5.407117 5.983272 7.198977 3.989553 4.072220 4.002739 4.096288 4.070877 3.795645 3.393851 3.614798 3.959604 3.562883 3.770641 3.971548 3.339382 3.521628 3.837712
 136.452521 91.049562 170.797684 87.253466 85.464810 11.161369 27.136572 10.224365 10.259243 12.917511 7.836071 7.464241 12.148013 12.100275 7.201018 27.112594 66.919095 25.095384 25.033113 29.791964 36.095144 20.217807 19.358640 58.181169 28.948220 27.588241 27.335934 27.314367 20.239806 33.587919 18.651208 27.341034 19.242701 33.687126 18.805091 41.535294 95.693298 38.754173 38.412622 52.390297 65.494979 34.213597 32.990851 77.316349 42.327898 40.305250 39.981053 48.673807 34.486695 61.125740 31.887463 47.810154 32.717621 60.841995 32.227597 91.415249 95.024181 99.100539 98.621887 98.775991 88.080199 8.100906 7.625543 7.656311 7.372936 6.997643 8.432822 8.487298 8.196077 8.043809 8.701990 7.589617 7.325213 7.830127 7.315744 7.024755 20.482936 19.691195 19.628267 19.091114 17.872463 20.885942 21.851562 21.982524 21.232833 20.677140 19.460570 21.164605 21.915372 19.278560 18.540964 19.476328 21.121422 21.833612 19.870398 18.679949 18.734274 20.660867 19.205426 19.903647 17.896096 18.225568 20.565662 19.211700 19.158436 18.250539 34.296888 33.575595 33.689211 32.963414 30.482709 35.375827 37.609488 37.667702 36.534842 34.881949 33.342986 35.605558 36.538157 32.711726 30.959099 32.656719 34.587816 35.685041 33.580578 31.705598 31.827780 34.548735 32.508497 34.057713 30.147467 31.808369 35.124461 34.217375 33.758434 32.106840 36.099644 9.516607 46.078095 9.256949 9.271004 3.053018 65.307752 3.033038 2.967616 7.255995 0.192053 0.209348 7.121550 6.832444 0.175923 7.240822 21.789151 6.987487 7.036088 8.518572 2.045514 2.024790 8.115085 8.199517 2.050001 20.712523 19.220294 22.719476 22.462124 24.260584 20.544851 7.104571 6.673576 7.482672 6.742362 6.687051 6.785694 7.583269 7.165301 6.475852 8.246231 7.215095 6.435955 7.209262 6.828901 7.005787 3.619075 3.489776 3.680328 3.563234 3.534697 3.624289 3.897558 3.779507 3.617456 3.975064 3.643059 3.398838 3.813982 3.744538 3.697154
 129.902871 86.828779 84.455843 164.224422 81.303668 10.436193 10.261107 25.679282 9.600012 7.444750 12.435846 7.121480 11.949540 7.144586 11.352891 25.416944 25.095384 63.556538 23.510079 27.893901 19.404538 34.452041 18.452584 27.513117 19.305206 33.420272 18.597624 54.732914 27.771758 26.718924 25.494000 25.677117 18.347227 18.525599 31.646145 39.204536 38.278974 91.318217 36.296644 49.119860 33.185518 61.872704 31.394692 48.317719 33.135737 60.327976 31.536738 72.606603 40.277376 38.793147 37.103713 45.208992 31.151293 31.359044 57.716680 86.762081 95.194332 87.622400 95.238820 94.125635 87.772320 7.134873 7.110165 7.537906 7.340852 6.368362 7.878316 8.028837 7.933514 7.868901 7.827661 7.016744 7.154164 7.917834 7.220202 7.018402 18.179420 18.119248 19.138137 18.634981 16.651276 18.783623 20.319291 20.701180 20.550568 20.252451 18.457969 19.970069 20.108335 17.983380 18.406513 19.121707 20.034549 19.730192 19.762199 18.642921 18.647261 19.808740 17.784504 20.082007 17.804073 16.608394 20.052878 18.441277 18.464275 17.974197 31.368440 30.573209 32.414529 31.707358 29.266050 32.403857 34.663762 35.030802 35.110162 34.106615 31.585019 33.823041 33.964906 30.944079 31.219895 31.857508 33.052613 32.587413 32.902613 31.503332 31.304579 32.800651 29.805257 33.649411 29.900267 29.289169 34.258415 31.692219 32.145543 31.179531 33.664968 8.730533 8.956211 44.211252 8.658311 2.797511 2.778459 65.203403 2.560933 0.213637 6.876991 0.202291 7.283682 0.189817 6.809786 6.583578 6.567635 21.753374 6.458184 1.910323 8.136753 1.866012 8.118844 1.967939 7.883300 19.596006 21.893833 18.155976 22.820133 22.146692 20.407953 5.239771 5.919149 7.432175 7.068091 5.516432 6.215168 6.975675 7.066805 6.450889 6.895273 6.244322 6.630152 7.833219 6.644741 7.162875 3.152785 3.252620 3.689072 3.390811 3.186743 3.324981 3.641724 3.620463 3.446545 3.604532 3.360424 3.434844 3.823509 3.599486 3.487990
 130.026335 85.390504 83.559984 82.139896 162.949361 10.296557 10.267578 9.575794 25.961773 7.321190 7.346949 11.897032 7.056621 11.816894 11.308822 25.103169 25.033113 23.510079 63.944155 27.463069 19.105635 18.950458 33.149127 27.543643 19.008572 18.474057 33.160310 25.577812 18.947735 18.284450 31.393757 55.151000 26.454834 26.444037 25.444820 38.688529 38.027386 36.368023 91.736674 48.501667 32.832751 32.150494 60.130726 48.351780 32.660416 31.417500 60.499132 45.601246 32.283619 31.329981 57.343345 72.332497 38.131963 38.195760 37.112241 84.929390 98.818973 91.501555 92.186125 91.780570 84.849470 7.647705 7.580074 6.947342 7.190224 6.352133 8.446300 8.238361 7.934669 8.072234 7.627702 7.191075 6.898786 7.358161 7.295714 6.659502 19.660023 19.222001 17.940149 18.418370 16.460228 19.666211 21.384136 21.196458 20.256549 20.230791 19.533280 21.549026 19.502863 18.382118 17.637078 17.772046 20.746618 19.497476 18.694700 18.485089 18.252360 20.209775 18.221137 18.847863 17.064186 16.609210 20.817594 18.115533 18.740459 17.111558 33.971703 32.206146 31.013339 31.170330 28.820170 33.528904 36.185320 35.882035 34.335478 33.752976 33.030310 36.708902 33.227709 30.991175 29.994720 30.348592 34.701070 32.694993 31.552940 30.934070 30.922653 34.278233 30.649817 31.965449 28.867700 29.730238 35.876984 32.107374 32.437205 30.024667 34.199684 8.564864 8.900798 8.486228 45.064891 2.466515 2.791647 2.784831 65.535883 0.167405 0.172640 7.146278 0.188039 6.752507 6.860208 6.436578 6.596312 6.373493 21.769157 1.904691 1.848121 8.159984 1.957025 8.189270 7.855550 17.382144 20.568261 19.718401 20.816117 22.430132 19.214462 6.634383 6.915546 6.147906 6.417201 5.804257 7.190792 7.422231 7.198796 6.953068 6.903297 6.703000 5.948330 6.869335 7.080593 6.572722 3.395480 3.489909 3.355626 3.384678 3.070044 3.613085 3.835203 3.628759 3.399931 3.539035 3.522166 3.274576 3.680904 3.463929 3.349189
 178.245496 139.326354 91.648160 89.970814 87.643995 27.788124 13.307004 12.414793 12.198299 11.039315 10.952816 10.435546 7.706387 7.656502 7.329203 59.166141 29.791964 27.893901 27.463069 68.718821 27.168504 26.690008 25.544570 37.008770 29.312347 20.103497 19.929939 34.590701 28.922448 19.921979 18.939226 33.699084 27.394708 19.806158 19.086260 78.815269 43.036159 40.978133 40.321929 99.425372 42.084683 41.010595 39.328164 66.589664 51.733651 34.230684 33.935998 63.262164 50.604422 34.079558 32.385362 60.724359 47.655656 33.649172 32.813124 101.808314 98.545464 101.146607 95.099053 99.403091 90.832294 8.404213 8.209234 8.053828 8.386235 7.595621 8.684414 7.833848 8.238636 8.447458 8.003082 7.503246 7.811374 7.435458 7.218305 7.386106 21.217323 20.791301 20.335660 21.401489 19.354074 21.946732 22.451759 20.333632 21.411722 21.715842 21.245337 21.808531 20.348920 19.310838 19.681195 20.719014 19.935269 20.417922 19.222966 18.808922 21.124643 20.639795 19.229087 18.863575 18.784562 19.704891 21.529474 20.445533 18.498439 19.080856 35.363406 34.635293 33.873717 35.654811 32.660102 37.693756 38.500256 35.063546 36.730079 36.515407 36.342256 36.498901 34.138009 33.403009 32.858765 35.252366 33.762438 34.500503 33.020061 32.310748 35.495343 34.549288 32.824923 32.385722 31.627290 34.241435 36.173532 35.387840 31.981023 33.035994 47.306313 36.239496 9.750622 9.181187 8.976393 65.612598 8.026300 7.915407 7.034335 3.015395 2.853540 2.867423 0.201750 0.203353 0.201343 21.790133 8.449383 8.230425 8.073517 7.200523 6.904799 6.861271 1.994866 2.020595 1.892155 25.531211 21.700135 24.273729 22.278035 24.014012 20.732029 7.110698 7.401916 8.240150 8.404573 7.397049 7.339735 6.375934 7.533487 7.077008 6.936185 6.999263 7.112566 6.245817 6.224267 7.484109 3.992517 3.921152 4.120528 4.211843 3.988792 3.741277 3.525477 3.723610 3.875876 3.637274 3.841704 3.834325 3.667938 3.609535 3.927941
