 661.661140 350.466660 277.127444 91.466954 159.082326 74.276551 56.013741 14.538328 23.751554 37.787313 22.873464 23.341465 8.527581 16.724168 3.216647 143.508734 113.398364 29.621319 51.733414 210.796604 98.748050 55.005442 58.164492 149.571618 95.303091 20.750815 42.446694 45.436483 57.339509 25.048929 11.314710 66.085121 60.974978 42.366906 8.136227 182.748603 146.428443 40.685237 70.846094 346.788625 162.992416 72.945880 90.122802 250.079768 158.264044 33.202463 68.598032 102.640752 97.857558 51.683521 29.121172 135.097921 108.915972 75.546286 17.051886 206.716590 586.112830 371.660237 145.198330 193.326124 36.790402 38.331293 35.281454 4.001546 5.893976 0.553521 71.522370 42.447717 47.549050 18.692419 23.596135 13.849091 6.751979 2.642809 0.856378 0.497654 94.567833 84.117522 11.298447 17.325676 1.721812 95.759077 173.734902 96.683446 101.054629 31.307951 86.150039 182.148871 56.346791 32.893109 14.942471 13.890075 101.619936 59.847718 8.680218 2.608063 18.020235 112.904175 40.885425 8.800606 1.580044 2.459698 59.033447 24.006545 3.684007 2.167540 168.875569 127.926097 26.103177 35.998789 5.254251 143.074469 259.427902 125.519195 123.328341 33.676861 126.361567 293.186141 79.856938 54.036708 22.541094 34.486893 159.255231 99.585929 25.252732 6.369680 43.117522 173.385592 77.286899 23.303320 4.513837 12.432654 120.579497 55.949523 14.626605 11.300911 298.072277 41.861691 39.217126 18.119952 25.890354 94.887440 84.781731 27.872434 48.780897 2.814301 2.413745 2.358405 0.886729 1.778802 0.513280 35.657968 35.655457 30.833370 32.989892 11.955150 7.809834 9.225356 4.568407 7.140999 3.002410 56.515151 74.017754 58.179194 58.694049 89.193430 30.172409 19.226972 22.833654 1.926041 5.481217 0.355789 18.302548 21.090543 23.418806 12.096295 18.579232 9.144929 6.269106 2.868458 0.419204 0.088739 12.004431 13.077419 7.419941 9.966631 3.145720 12.467043 14.127966 11.144520 8.936252 15.828139 10.198324 9.113479 6.448912 5.201922 2.762289
 350.466660 1369.314523 568.321969 284.966267 388.545066 85.616029 39.398363 12.616081 19.256914 126.160350 97.783917 91.492423 25.841611 41.979306 10.349280 223.043467 100.129808 36.133211 53.794733 189.531040 275.477132 207.051104 194.470854 97.430853 334.694054 64.669929 106.743132 36.052080 248.295092 72.885296 35.199702 50.481406 245.456706 104.569537 26.781969 391.401886 171.803880 73.065919 100.942103 252.643806 385.506048 250.490366 262.989067 154.953991 584.348844 106.241723 175.018328 70.765636 413.421810 133.379866 83.010707 94.146028 434.031331 176.122573 55.228789 503.707050 1036.183011 827.220192 215.442151 312.050115 67.011961 81.570546 68.999508 9.849845 10.440163 1.051333 139.631906 65.784956 79.014004 34.815572 29.625205 29.849997 11.384966 4.182479 0.947881 0.889286 195.377335 163.744101 25.905682 29.692691 3.110590 206.605115 349.365728 149.524432 177.549781 58.479326 172.145869 333.949404 67.102905 68.152988 25.067919 32.607149 159.000058 83.797041 14.820801 2.898167 32.675446 183.981181 85.458658 12.733454 2.561105 4.843741 107.424745 41.249345 4.221669 4.093490 319.323208 254.727134 50.017250 62.961505 8.756599 315.340915 543.620545 191.407218 229.581038 62.532993 261.075536 512.496140 95.214195 108.542296 37.779625 78.936540 263.370882 164.470780 44.271686 8.325578 79.408298 290.347224 162.057794 32.079357 7.173301 26.053840 214.531604 101.762050 19.358071 22.454712 90.165169 298.892089 94.741383 115.257070 96.669697 93.759896 8.086850 4.977126 4.943995 95.432385 94.476731 95.127887 8.948098 6.925159 4.104272 35.685060 22.416673 22.467257 20.111676 35.728004 35.690245 35.700125 23.892273 23.412392 20.158809 199.638948 173.929326 189.045067 103.056865 144.053882 62.658005 61.696493 60.755640 11.319444 10.809773 1.564549 53.570941 41.082909 49.635179 25.698564 32.002970 36.674466 11.699221 3.204652 0.824787 0.898995 30.250017 30.330542 20.302515 19.748416 7.751398 28.485233 24.812857 25.383667 18.045810 24.873101 27.290901 17.313165 13.940675 5.200211 6.294969
 277.127444 568.321969 1030.539454 166.583074 292.381388 41.334213 64.752436 7.192741 14.005039 113.501419 40.154455 41.734818 36.981289 61.653608 6.210870 103.199034 172.109509 19.727901 38.966360 107.082764 313.631995 95.233046 104.048836 132.664208 235.442243 73.634619 129.005660 21.691143 101.661393 108.333338 21.894918 36.825792 106.547734 163.685878 15.630790 176.431896 304.941608 40.192217 73.698528 167.820652 544.938289 130.067848 167.051123 170.253446 325.129755 93.356826 171.996018 47.604496 169.811550 211.348195 55.448282 69.609648 183.633222 290.227521 32.142314 344.870473 851.693630 582.349101 187.183142 290.002352 78.854611 58.103212 48.562786 8.212013 8.036464 0.872788 109.825587 60.812651 59.704308 41.274637 22.755378 22.442337 11.365565 3.394569 1.038177 0.948845 145.062552 117.221220 21.630204 23.523479 2.935538 144.633860 272.507366 135.289124 134.528356 70.693885 119.268220 265.864232 54.606704 52.602333 27.767906 27.058545 146.408849 64.458497 12.545752 3.431420 24.208339 142.181416 63.725046 9.994680 3.043382 3.760626 120.758893 38.253124 4.247571 3.990027 251.788021 183.994813 44.282339 49.465423 9.711799 221.178474 412.677562 168.981773 176.451644 74.733727 178.456096 414.722162 81.645353 82.896709 42.934587 61.699001 236.745208 125.675770 38.260635 9.721199 58.870959 231.064356 122.286834 26.026955 9.491467 18.902627 214.283032 85.914301 17.247217 19.677079 63.526739 69.567533 298.896592 44.230565 65.341915 4.848765 87.892138 0.864537 2.279939 95.779490 3.868450 4.642565 72.363007 94.087670 0.966601 17.062701 35.659902 7.009030 11.327672 35.701424 17.544332 18.682660 34.756276 35.689230 7.429610 129.292185 118.903117 112.179441 91.916839 145.304677 72.270640 41.865704 40.970312 8.226984 6.928983 0.773493 36.830621 39.402253 36.871037 30.073294 22.967247 19.348377 7.294098 2.722524 0.272720 1.041002 20.877303 20.541325 16.318929 13.355424 5.819775 21.327026 20.984678 20.148015 18.274721 20.555529 19.697947 17.541956 9.822976 7.594929 6.617901
 91.466954 284.966267 166.583074 473.858240 96.378536 16.830203 8.953130 12.205159 4.272674 27.049417 76.643817 15.953446 26.352167 9.608122 7.751763 44.624705 23.356089 37.008950 12.155903 42.773669 69.681586 207.536120 39.823537 22.205526 68.782442 67.771006 24.188240 27.031895 143.562308 58.486223 20.318173 10.891037 41.085210 24.127508 22.196844 81.691473 43.597696 85.219061 23.468190 61.945613 108.938130 299.050406 60.330928 36.050022 115.595877 119.927375 39.363087 36.395970 172.152226 76.977020 33.590760 21.140046 75.113914 42.892830 58.923869 128.877518 436.963249 349.075293 100.181032 80.000362 18.155641 28.425658 16.468795 2.855269 2.590967 0.471117 73.411513 31.836477 29.232365 9.785848 9.229057 8.726505 3.078198 1.369748 0.412809 0.303416 68.945736 42.815260 8.617209 8.011577 1.522614 68.750139 179.628931 71.676130 59.550054 15.911305 39.339857 155.265127 20.789037 19.352414 6.375022 8.551067 74.111942 27.660682 4.151176 1.201373 8.440931 71.493123 26.571926 4.992187 0.989002 2.002415 33.065549 12.293674 1.878134 1.350152 116.880566 75.571673 19.401489 18.021042 3.693795 97.033201 257.195272 91.073762 69.106417 17.005173 59.979618 217.146507 30.229056 30.694203 9.258025 18.292492 118.473451 62.008350 10.534579 3.066936 24.657698 117.527051 53.736117 15.570617 2.815371 8.580142 78.674858 40.151137 8.930746 6.364220 15.959321 43.114092 21.425040 286.607439 12.195610 2.211407 0.988632 23.985305 0.723148 2.794943 90.719522 2.501020 47.365767 1.418487 17.383558 7.141602 3.446788 27.288940 1.901517 8.926825 34.124213 5.709491 31.769033 3.080372 22.136113 30.876835 55.072788 53.678119 42.076982 27.888764 14.100488 11.642716 8.746332 1.447754 1.083802 0.715643 19.537768 19.680348 12.979578 6.192804 8.077173 6.665895 2.093662 1.514058 0.859408 0.009167 6.698101 6.060408 5.240955 3.292992 2.296676 7.281104 8.329014 6.324607 4.090716 6.859725 5.754341 3.791252 3.565510 2.018442 1.790989
 159.082326 388.545066 292.381388 96.378536 725.587265 24.419789 16.976298 4.101045 28.511082 41.001402 24.289561 74.523783 9.482225 58.232016 15.979349 63.064527 44.227950 11.410529 86.224066 61.898181 104.244982 56.867275 205.530516 42.149873 103.914210 22.787079 160.344721 12.473384 63.102679 28.514615 59.108471 54.659296 149.668073 114.509568 27.561296 111.539249 79.930347 22.998773 172.771596 94.521337 171.341365 76.125287 351.790102 67.480643 174.539941 36.270839 275.427267 27.488380 110.915409 59.407834 147.555733 71.789837 197.790613 146.963611 36.322466 262.679909 607.843133 457.994376 109.834968 201.368255 22.253933 45.233724 36.927989 4.939008 9.316061 0.486494 91.125264 38.282667 53.526017 11.783820 14.745070 19.659141 3.493442 2.925866 0.478001 0.596962 110.841237 90.812210 13.493954 23.759810 1.428259 114.507698 219.727495 82.216019 120.360561 19.735087 91.097781 215.893985 34.331111 46.810576 8.413079 16.889902 95.051734 43.997735 10.709283 1.359366 29.074422 127.180077 56.757573 8.191166 1.503956 2.256697 39.243327 13.295871 2.191273 2.917275 190.438483 144.188806 26.644617 46.621873 4.167178 172.202654 327.754154 99.258872 159.276810 20.960922 137.034470 322.458331 49.338810 74.996364 12.914516 40.992544 156.247390 89.318001 30.395471 3.244634 60.247450 193.862371 104.012706 19.417628 3.144782 13.175720 97.994306 42.969539 10.222910 16.222234 30.276497 45.564597 44.719861 20.784953 298.902425 2.792494 1.750645 0.300595 65.272026 3.178881 2.021549 94.870124 0.936401 94.289880 44.032289 9.452669 7.821179 3.401400 34.169243 12.688596 7.831376 35.682368 5.014012 35.677006 27.773060 82.676883 77.077026 85.918181 49.255256 80.559267 14.798457 24.768119 23.494060 3.079776 10.896225 0.990526 31.758121 19.143944 31.495400 6.739043 11.173374 17.366333 1.443912 2.090305 0.023880 0.362097 14.170149 13.990307 9.517657 17.636537 2.186431 14.439595 12.545481 18.599193 4.252499 12.683505 17.858490 4.240145 9.821929 2.384496 3.333851
 74.276551 85.616029 41.334213 16.830203 24.419789 18.811034 6.562225 2.123915 2.964346 7.671233 5.182497 4.958835 1.454812 2.572026 0.558575 40.164373 14.496965 5.034362 7.084223 45.001012 18.468062 11.732681 11.435312 17.878793 20.741963 3.662503 6.623965 6.640668 13.658559 4.273761 1.968627 8.691988 13.850477 6.642037 1.485205 51.151430 19.705240 7.350130 10.184432 59.423104 27.305546 14.561048 15.957892 30.629655 36.622551 5.990988 10.834050 14.258711 23.911083 8.408607 4.885071 18.135896 25.930344 11.681207 3.123688 33.905009 91.879582 59.576528 22.265405 28.264586 6.585674 6.089364 5.580953 0.606796 0.814515 0.089804 10.465790 6.732805 7.457448 3.362736 2.741324 1.767718 1.253667 0.357268 0.105509 0.071528 14.782163 13.059997 1.692472 2.383665 0.268458 15.124545 25.618766 15.553311 15.816290 5.526465 13.426087 25.883264 6.455765 4.126658 2.532164 2.092496 15.269342 7.336859 1.261798 0.321787 2.538628 17.231938 5.235740 1.107011 0.223182 0.408701 10.430487 4.428362 0.471327 0.320731 25.387351 19.682336 3.911787 5.299266 0.865038 23.024569 39.532865 19.711450 19.308203 5.936079 19.893249 42.093512 9.482720 7.389118 3.787214 5.460096 24.154989 13.843193 4.177348 0.926706 6.314419 26.377837 10.735997 2.928572 0.704795 2.069768 20.098283 9.259487 2.073838 1.723588 32.302081 13.340665 4.854208 4.055807 4.254078 29.844395 3.579091 1.803820 1.980780 1.218416 1.117331 1.048667 0.044916 0.046946 0.010846 9.025491 5.985155 5.579294 5.039334 2.700292 2.191350 2.403108 0.752212 0.929364 0.575637 9.412195 12.685578 9.382098 10.070851 11.841104 5.670796 3.572527 4.024009 0.420141 0.798323 0.085188 2.859701 4.196233 3.855259 2.213079 2.640825 1.142794 1.607097 0.456937 0.153720 0.014570 1.860506 1.924319 1.098322 1.378278 0.454718 1.806169 2.147064 1.370699 1.586166 2.171363 1.209530 1.689084 1.013638 0.578404 0.402215
 56.013741 39.398363 64.752436 8.953130 16.976298 6.562225 14.981437 0.994453 1.965210 7.005174 2.215866 2.422370 1.440019 2.894796 0.324749 14.266544 33.249346 2.329514 4.692939 18.882195 19.968006 5.303849 6.133693 33.119271 15.956924 3.208311 6.715854 3.308687 5.711060 4.521316 1.163850 5.897070 6.438541 8.021290 0.838194 19.278732 42.544353 3.497728 6.833724 32.226253 35.586374 7.098577 9.703525 41.673981 22.735430 4.439239 9.429051 8.535233 10.241195 10.443770 3.061345 12.541579 11.669592 15.978647 1.762328 21.535385 65.889763 41.772216 13.343288 36.994018 6.559294 4.264384 3.487389 0.452951 0.773337 0.076864 7.972626 4.138029 5.623393 3.326189 1.910647 1.314812 1.009966 0.222977 0.124760 0.094388 10.813746 8.535551 1.238292 2.367797 0.278379 10.363303 19.346662 9.515361 12.563757 5.778293 8.248125 19.981740 4.634054 3.217039 2.460401 1.599670 10.188566 5.282416 0.883008 0.461402 1.979141 12.796329 3.784169 0.627636 0.318046 0.305474 9.827390 3.365180 0.439222 0.365555 19.511386 13.309780 2.655902 4.803464 0.897822 15.281908 29.066755 12.023045 16.443100 6.154227 12.108259 32.420383 6.853000 6.020665 3.892822 4.068954 17.599043 9.979135 3.385656 1.265763 4.306813 19.516302 7.836409 1.622757 0.917784 1.354509 17.666915 7.139400 1.338354 1.655625 21.620969 3.695902 13.425338 1.286267 2.257956 2.071569 26.833869 0.446254 0.849213 1.264936 0.041026 0.042426 0.548089 0.754648 0.007899 4.702165 9.002063 1.698875 2.585047 3.010485 0.462550 0.732171 1.179338 1.866987 0.175746 5.522885 7.205662 6.283593 5.787979 20.560728 5.387466 2.320162 2.107223 0.143536 0.692437 0.017736 2.051396 1.788145 3.155226 1.994655 1.641193 0.928790 0.660599 0.411634 0.008714 0.029661 1.219277 1.101863 0.770494 1.264361 0.592552 1.337155 1.486095 1.378441 1.560222 1.655352 0.947430 1.435798 0.485179 0.988063 0.610478
 14.538328 12.616081 7.192741 12.205159 4.101045 2.123915 0.994453 2.770906 0.410516 1.120281 2.483107 0.670016 0.730417 0.400769 0.239381 4.872435 2.273191 6.047148 1.042066 5.989636 2.915261 6.658047 1.684962 2.701192 2.942531 1.979129 1.043902 6.907376 5.526322 1.891301 0.698563 1.194125 1.781314 1.029989 0.728105 6.643056 3.219960 7.958526 1.585816 9.309708 4.561907 9.341484 2.529625 4.774455 5.009464 3.635171 1.729378 9.127291 7.142049 2.798103 1.276694 2.677670 3.278928 1.880345 1.882508 5.278392 19.757306 13.819174 5.185046 5.445875 1.167564 1.045780 0.832592 0.104204 0.129199 0.020722 2.989961 1.403210 1.740975 0.655554 0.559439 0.618031 0.177335 0.173093 0.028496 0.023942 2.538345 2.019245 0.288720 0.421457 0.058469 2.685642 7.406885 3.472708 3.788990 1.046761 2.103748 7.131508 1.331856 1.456659 0.415095 0.343438 3.318138 1.723338 0.520710 0.082729 0.361244 4.060612 1.715803 0.569196 0.076795 0.094841 2.211310 0.670003 0.125696 0.097645 4.622841 3.391200 0.628588 1.046580 0.168906 3.940314 10.680386 4.676082 4.563471 1.106484 3.170590 10.560117 1.821854 2.032530 0.642468 0.794884 5.334616 3.345013 1.062006 0.211502 0.806440 5.936321 2.879514 1.439591 0.190895 0.476909 4.632787 1.637341 0.583067 0.386739 4.476707 1.447068 0.643817 4.839586 0.391805 0.888292 0.408730 5.859350 0.176945 0.022163 1.024969 0.017589 0.239023 0.012452 0.054177 1.439299 0.722943 6.614334 0.426133 0.265526 1.813645 0.181824 0.858122 0.081007 0.531684 0.987355 1.809098 1.722012 1.852409 1.660811 0.943897 0.338131 0.366498 0.049538 0.113457 0.014175 0.774776 0.572959 0.568762 0.412620 0.302967 0.290511 0.038619 0.295947 0.122441 0.000750 0.234185 0.227703 0.143633 0.141534 0.051703 0.390441 0.413660 0.381601 0.273680 0.428715 0.334337 0.268969 0.382854 0.140193 0.165222
 23.751554 19.256914 14.005039 4.272674 28.511082 2.964346 1.965210 0.410516 5.804603 1.956781 1.098634 3.065291 0.408740 2.074909 0.434567 6.836337 4.635645 1.037050 13.891355 8.204705 5.138928 2.616403 8.609150 5.227634 5.104639 1.012623 5.883109 1.307694 2.853432 1.224397 1.654822 12.213335 6.934006 4.556431 0.887551 9.437656 6.516453 1.625578 18.365777 13.131494 8.373571 3.459547 14.598967 8.860605 8.666722 1.635717 10.731051 3.277477 5.099725 2.567111 4.654073 15.482403 9.621952 6.307460 1.345149 12.386335 35.316776 23.948671 7.402628 9.351683 1.391166 2.079104 2.103561 0.230401 0.284157 0.029730 4.486498 2.637366 2.634645 0.752988 0.915124 0.599150 0.171000 0.116312 0.031446 0.024336 5.062180 5.143771 0.665275 0.832837 0.105591 5.350765 10.911062 5.660962 5.339579 1.236751 4.905842 10.479145 2.047272 1.407483 0.383525 0.797387 6.183993 2.729977 0.391173 0.083146 0.876259 6.540095 1.864048 0.386984 0.065890 0.117410 2.351785 0.669112 0.148455 0.118126 9.521754 8.176873 1.563282 1.882966 0.346574 8.478083 16.911155 6.787050 6.481721 1.304246 6.998181 16.130067 3.035268 2.534347 0.640335 1.947069 9.546894 5.388766 1.135198 0.207499 1.999677 10.220191 3.988411 1.065689 0.156580 0.636459 5.392440 2.284382 0.759776 0.670508 8.233703 1.840712 1.455432 0.534979 8.495878 1.027008 0.691458 0.166820 16.043177 0.026416 0.013191 1.036411 0.008680 0.832107 0.396435 2.109932 1.572126 0.716163 8.193817 0.480066 0.254649 2.169371 0.128012 1.577393 0.718667 2.743839 4.752043 3.157852 2.982350 3.288052 0.755714 0.828516 1.366540 0.072246 0.177791 0.012527 1.152086 1.359401 1.231925 0.370862 0.778824 0.355919 0.078074 0.035864 0.001880 0.006233 0.518710 0.598303 0.395654 0.394161 0.131175 0.536998 0.601630 0.420676 0.182327 0.672322 0.370454 0.180734 0.378214 0.101780 0.082983
 37.787313 126.160350 113.501419 27.049417 41.001402 7.671233 7.005174 1.120281 1.956781 26.044167 8.283748 8.065040 4.695434 6.894604 0.969453 20.394532 18.899707 3.210215 5.562277 18.327726 60.641998 18.417775 18.475576 15.640390 58.569644 10.510889 15.909728 3.337307 21.874726 13.879601 3.411487 5.248916 21.905403 18.440748 2.528810 36.633736 34.001318 6.605155 10.609342 25.836236 83.649110 23.096535 26.358428 21.305939 79.968721 14.263519 22.575694 6.915679 37.266592 26.287755 8.342617 9.866444 39.430498 33.216698 5.182744 54.741395 119.211957 92.764615 29.054009 41.437032 8.290891 9.476665 7.821974 1.208433 1.207414 0.118254 15.577664 8.913249 8.867170 4.358843 3.499430 3.277697 1.269326 0.512202 0.138487 0.110203 22.882892 18.828739 3.464913 3.531348 0.359301 23.784760 39.384481 20.305613 20.223104 7.315389 19.259618 37.264365 8.305831 7.617108 2.895965 3.792585 21.072680 9.812241 1.886100 0.423089 3.657973 20.570821 9.266252 1.462581 0.313698 0.542854 13.234426 4.572520 0.603219 0.505009 37.829028 29.591701 7.092646 7.755510 1.067269 36.175726 61.592037 26.036312 26.897760 7.772360 29.061094 58.010674 12.647726 12.311346 4.435960 8.884805 33.712613 19.182436 5.851015 1.089967 8.894293 32.761608 17.688331 3.805602 0.900452 2.979300 25.655479 11.737780 2.617219 2.879676 7.092902 22.030561 31.038263 7.504071 7.303129 2.220937 3.554794 0.040539 0.046311 30.580569 2.158917 2.037404 4.177900 3.099963 0.028993 3.663314 5.583986 1.070172 1.305301 9.045510 4.049042 4.104091 5.769201 5.590059 1.060550 21.049924 17.791608 20.248176 14.409639 19.035623 7.470359 7.544906 7.314117 1.016522 1.345491 0.189296 5.522694 5.747413 5.586648 3.128563 4.274296 3.601096 1.267166 0.476186 0.019864 0.149557 3.416237 3.368570 2.506399 2.077311 0.624615 3.133445 3.226085 2.788318 2.085796 2.908347 2.780309 1.977578 1.555583 0.995429 0.710256
 22.873464 97.783917 40.154455 76.643817 24.289561 5.182497 2.215866 2.483107 1.098634 8.283748 23.719505 4.969319 4.757599 2.369523 1.565490 14.347826 5.878631 8.069767 3.130220 12.208962 19.481013 55.549440 11.389819 5.577534 22.355897 13.045387 6.062480 5.748321 49.082422 11.397289 4.243835 2.853756 13.467253 6.031003 4.776989 26.972721 10.877315 18.382552 6.054126 16.503130 27.705686 69.062715 15.917188 9.157412 39.397882 23.883567 10.019787 8.076584 60.675560 15.934326 7.358874 5.470161 25.424892 10.681699 12.008170 31.805703 99.478084 80.698851 26.408817 17.996273 5.357488 6.304083 4.639138 0.710143 0.568357 0.101862 13.688666 7.704221 6.240236 2.889170 2.608221 1.979342 0.870182 0.328408 0.099658 0.065387 15.806333 11.761301 2.093153 1.703370 0.318408 15.029469 34.168173 18.086592 12.921643 4.697550 11.111635 31.270723 5.723586 4.314346 1.850032 2.186845 17.519002 7.551787 1.004694 0.270130 1.826730 15.211279 5.993604 1.200159 0.223858 0.456620 9.343999 3.316220 0.466405 0.284786 27.241963 20.258518 4.583461 3.776697 0.863535 21.537698 53.059465 23.743167 15.267865 5.020711 16.320402 46.788749 8.085111 6.707287 2.733657 4.881042 27.502935 15.560762 2.628265 0.704596 4.726588 25.129895 12.603310 3.755879 0.691058 2.097420 20.162444 9.110276 2.352736 1.312737 4.009685 15.824026 4.436494 44.656299 2.817609 1.057238 0.032222 2.436449 0.028050 1.315677 30.313643 1.151571 3.567243 0.040839 1.530841 2.273039 0.736420 6.157045 0.425032 2.682850 9.008100 1.802087 6.531855 0.636718 5.122603 10.149354 14.909480 16.817497 11.857535 6.531080 4.590429 3.553271 2.949929 0.425136 0.315847 0.199189 4.933470 5.398791 3.036912 2.156439 2.660734 1.700475 0.725188 0.320878 0.293009 0.002429 1.839490 1.735037 1.419212 0.778183 0.582054 1.883560 2.260679 1.391334 1.294935 1.932708 1.206460 1.251769 1.093742 0.523934 0.431413
 23.341465 91.492423 41.734818 15.953446 74.523783 4.958835 2.422370 0.670016 3.065291 8.065040 4.969319 18.679514 1.472256 6.631147 1.918379 13.509369 6.416147 1.901863 9.269871 11.648272 18.809978 10.929128 42.654419 6.164617 22.008140 3.675444 18.263589 2.046720 13.628993 4.435772 6.824045 6.908367 41.647369 14.575709 4.060308 24.753228 11.561252 3.818477 18.512462 16.096616 27.477541 13.613336 56.511325 10.037949 39.519454 6.005756 31.895415 4.329086 25.083423 8.947289 16.145982 9.825901 54.812830 19.733108 5.781744 40.243856 85.632918 72.710767 14.958926 30.531045 2.968422 6.870988 5.626245 0.709966 1.159379 0.073679 12.859732 5.182263 7.979077 1.612417 2.210054 3.450373 0.454419 0.389328 0.060302 0.071341 16.270707 13.619124 1.904071 2.907254 0.202134 17.592209 31.988265 11.138979 18.333505 2.607619 13.840397 29.949232 5.021384 7.688284 0.990357 2.425040 13.156718 6.529851 1.386121 0.179225 3.792709 18.476929 9.596889 1.095787 0.188956 0.353641 5.359575 1.849661 0.278007 0.351097 26.836359 21.601324 3.569015 5.742070 0.517652 26.482431 49.739539 13.556892 24.480092 2.771374 20.906515 44.731868 7.032622 11.533644 1.507742 5.905250 22.099015 13.143678 3.871635 0.468525 8.425154 27.959884 17.005986 2.510079 0.416711 2.078329 13.413109 6.533401 1.330564 2.060536 4.355248 15.577931 5.204376 3.633566 31.549233 1.449183 0.053426 0.016069 2.309896 1.488126 1.173395 30.316493 0.050109 3.052480 2.027114 2.374296 0.961457 0.558057 4.950558 2.899435 2.079083 9.019475 0.721997 5.973623 4.807992 12.725604 11.320280 13.798694 6.493542 12.518557 1.846136 4.252591 4.144471 0.313783 1.516777 0.168450 4.582932 2.655673 4.707900 0.883118 1.655203 3.907198 0.232017 0.245109 0.002474 0.018374 2.166534 2.140199 1.358158 1.981301 0.427991 2.177782 1.736849 2.783434 0.496271 1.880442 3.096073 0.498554 1.069405 0.224172 0.417267
 8.527581 25.841611 36.981289 26.352167 9.482225 1.454812 1.440019 0.730417 0.408740 4.695434 4.757599 1.472256 7.556777 1.587280 0.551528 3.866335 3.989542 2.180636 1.167733 3.712622 13.535187 12.549386 3.723168 3.221667 10.632229 15.954123 3.592705 1.885350 10.855400 17.878781 1.629130 1.065318 3.858222 4.329440 1.592164 7.151251 8.262397 5.196880 2.293777 5.520792 23.402668 18.952040 5.796942 4.460143 14.749100 19.292408 5.016141 2.826230 14.072014 23.001317 2.910946 2.062839 7.002046 8.482177 3.926918 11.368034 41.965743 34.024848 10.355156 7.312022 2.159070 2.386525 1.735015 0.283422 0.247434 0.049148 5.735786 3.861358 2.208668 1.152464 0.998947 1.279776 0.345630 0.132629 0.042764 0.036573 6.334832 4.663173 0.840792 0.756104 0.158460 5.644298 14.829362 8.000965 4.647357 1.912312 4.035167 12.976312 2.158058 2.482843 0.779271 0.910216 9.328477 3.219803 0.454294 0.140823 0.812617 5.793079 4.064300 0.440427 0.122078 0.208874 3.745195 1.293559 0.184937 0.152890 11.454664 8.166503 1.927817 1.622719 0.394012 8.076331 23.653807 9.558608 5.741721 2.033633 5.782216 19.513299 3.287912 3.362758 1.140928 2.040980 14.249577 7.038203 1.197217 0.383695 2.040783 10.101174 7.885563 1.262540 0.327226 0.880423 8.060008 3.803867 0.881291 0.621709 0.992376 2.895395 7.561051 12.182804 1.045804 0.027229 0.472518 0.299203 0.010636 1.145968 1.253930 0.041203 18.533592 0.600965 0.172727 0.365226 0.805019 1.232808 0.128967 2.184099 4.761129 0.404654 8.315207 0.833380 1.266763 3.147685 5.032524 5.177450 4.455340 2.333596 1.580931 1.001280 0.858205 0.120280 0.138355 0.127996 1.576500 2.320467 0.688019 0.628607 1.025077 1.549377 0.271320 0.024232 0.009949 0.002123 0.637135 0.630824 0.518880 0.311112 0.212482 0.730784 0.744409 0.696524 0.468012 0.696185 0.821613 0.381073 0.281414 0.197436 0.255022
 16.724168 41.979306 61.653608 9.608122 58.232016 2.572026 2.894796 0.400769 2.074909 6.894604 2.369523 6.631147 1.587280 14.094465 1.006167 6.697314 7.914402 1.122645 6.397289 6.633487 19.061801 5.603575 18.168623 6.599873 15.872919 3.496811 31.921545 1.237507 6.261663 4.970540 3.777171 4.586578 14.806369 30.578596 2.128264 11.932166 15.152947 2.322804 13.494805 10.212264 33.818153 7.589215 31.862999 9.167738 23.058459 4.773457 41.315458 2.776551 11.304037 11.089148 10.319168 6.586839 20.455781 38.731788 3.135459 31.944620 65.722381 50.908283 12.041050 24.634831 2.946056 5.235879 4.611467 0.524923 0.745472 0.057714 9.816783 4.254134 5.830862 1.572858 1.552203 2.149532 0.473626 0.358423 0.052917 0.069878 12.454651 11.115235 1.448172 2.037042 0.185886 13.551385 24.038838 9.113657 13.463299 2.620550 11.369073 23.153053 3.439859 5.217385 1.094212 1.819895 10.393309 4.698095 1.389887 0.162377 2.473522 13.481162 6.000134 0.893385 0.176240 0.251245 5.138361 1.817368 0.237969 0.337774 20.911501 17.284857 2.944327 4.414364 0.574849 20.761573 36.950625 10.915959 18.290359 2.778477 17.147376 34.408679 4.855082 8.371464 1.636493 4.822185 17.163241 9.694985 4.121500 0.432890 6.089514 20.670256 11.185969 1.934331 0.394979 1.425176 11.592000 5.395295 1.108301 1.945378 2.407279 3.740994 14.740042 1.589798 22.339949 0.038247 0.867636 0.009606 1.137198 1.322655 0.021642 2.054109 0.570205 29.944574 0.666329 0.669198 1.906258 0.208401 2.794676 3.062658 0.572785 4.880308 1.340942 9.022923 1.884114 10.066856 7.679327 8.420942 5.145312 9.344475 2.261719 2.877157 3.783648 0.461051 0.730573 0.031053 3.261908 2.078965 3.370738 0.775517 1.305034 1.957384 0.306033 0.299398 0.000467 0.074081 1.606912 1.684371 0.950074 1.260317 0.272216 1.556415 1.168183 1.735008 0.657308 1.089716 1.804064 0.746858 0.990445 0.220763 0.430407
 3.216647 10.349280 6.210870 7.751763 15.979349 0.558575 0.324749 0.239381 0.434567 0.969453 1.565490 1.918379 0.551528 1.006167 2.000454 1.497043 0.865954 0.689378 1.439168 1.414343 2.508002 4.149261 5.646038 0.828765 2.528323 1.409157 2.918339 0.663041 3.841022 1.547960 6.041056 0.893807 4.090606 2.145505 3.782632 2.719271 1.646541 1.414704 3.249565 2.093371 4.009417 6.061847 9.740072 1.361543 4.280597 2.348890 5.503500 1.087203 5.436546 2.447092 9.464006 1.283482 5.499169 2.910415 4.799635 6.481105 16.687166 13.236666 2.260687 4.370772 0.471512 1.430536 0.805483 0.134262 0.159251 0.015669 2.929951 0.699435 1.341708 0.261360 0.261964 0.549773 0.074351 0.049277 0.007034 0.012148 3.267768 2.036509 0.308516 0.445437 0.036308 3.570748 6.719158 1.580747 2.842777 0.419154 1.994050 6.861461 0.646459 1.240038 0.168661 0.477942 1.767639 0.768453 0.179258 0.021434 0.534208 3.303821 1.574711 0.145738 0.033442 0.078842 0.907686 0.303264 0.032399 0.058535 5.216832 3.248977 0.527946 0.931833 0.083539 4.935238 9.815869 2.019727 3.519294 0.443913 3.108477 9.766220 1.006941 1.868055 0.250647 1.117919 3.233141 1.747607 0.560511 0.060387 1.338061 5.088969 2.734798 0.394723 0.075724 0.480155 2.460358 1.103755 0.161592 0.329654 0.430861 1.165046 0.680140 3.647276 4.369568 0.018174 0.007224 0.091877 0.466811 0.024185 0.628150 1.066482 0.249686 0.672392 6.516313 0.161996 0.091693 0.441748 0.431345 0.246045 1.320607 1.221451 0.696449 0.705983 5.060130 1.415973 1.460390 1.711078 0.662657 1.524327 0.226787 0.634813 0.279338 0.093666 0.071749 0.064150 0.808294 0.227333 0.499135 0.104955 0.169402 0.299425 0.014965 0.050442 0.001395 0.003506 0.295767 0.235252 0.209026 0.257225 0.034188 0.295911 0.181687 0.385659 0.072363 0.156966 0.390446 0.072793 0.110893 0.020666 0.053653
 143.508734 223.043467 103.199034 44.624705 63.064527 40.164373 14.266544 4.872435 6.836337 20.394532 14.347826 13.509369 3.866335 6.697314 1.497043 94.466613 33.897837 12.623756 17.550925 89.902935 47.686873 31.810575 30.387083 37.330772 55.436234 9.820091 17.295961 14.585729 37.798837 11.304507 5.256383 19.147702 37.798287 17.270794 3.983449 128.439604 48.246320 19.508550 26.340175 114.908182 69.039040 38.961922 41.780511 61.772990 97.628466 16.126701 28.321042 29.479645 65.343245 21.877178 12.874958 37.522755 69.924864 30.024547 8.326012 81.172164 216.694738 147.503029 52.625655 64.263486 15.181395 14.707077 12.803038 1.428381 1.833717 0.200599 25.621426 15.885795 17.133437 7.921715 6.446667 4.357346 2.666725 0.913782 0.252994 0.167719 35.647124 30.183075 3.994373 5.439164 0.618990 36.428197 63.028251 36.851984 36.705623 12.930143 31.001510 62.561732 15.153109 9.994164 5.447376 4.923215 36.229834 17.568319 3.114861 0.755288 5.665523 39.665113 12.938607 2.904099 0.521549 0.905481 24.461440 9.528947 1.138698 0.753023 60.755415 46.553913 9.124308 12.175167 2.020237 55.296008 98.124506 46.943400 45.186883 13.823532 46.322318 100.305106 22.249735 17.440338 8.289208 12.900130 57.647868 33.394680 9.674626 2.130070 13.997641 61.265816 26.721500 7.587161 1.631832 4.657351 47.372034 20.980577 5.168788 4.016149 65.592374 34.558606 13.163010 12.294419 12.114256 64.797239 6.483728 3.214163 3.679770 5.300494 4.948483 4.663732 0.223587 0.225015 0.054587 21.788060 14.162777 13.655154 12.300141 7.262365 6.261407 6.657139 2.459786 2.811215 1.766223 23.333620 30.455334 24.315229 23.901561 26.683160 12.932949 9.020197 9.389044 1.041598 1.484116 0.192795 7.509366 9.950120 8.700255 5.277965 6.103195 3.022023 3.282778 1.033970 0.458925 0.034572 4.442947 4.530425 2.605040 2.927194 1.016139 4.400880 5.182963 3.337102 3.427197 5.248481 3.097354 3.547039 2.847944 1.320992 0.948264
 113.398364 100.129808 172.109509 23.356089 44.227950 14.496965 33.249346 2.273191 4.635645 18.899707 5.878631 6.416147 3.989542 7.914402 0.865954 33.897837 79.901569 5.734901 11.846471 40.206448 54.069606 14.006866 16.211563 69.204608 41.677262 8.602257 17.916233 7.320194 15.171830 12.628724 3.108577 13.301394 16.964901 22.100466 2.219797 48.061269 108.796753 9.093994 18.006733 66.605147 96.215471 18.656586 25.540086 84.551971 58.432635 11.739337 24.919185 17.932478 26.891244 28.872035 8.100557 26.913113 30.303976 43.987070 4.626347 53.324738 158.812282 104.183648 33.307882 87.209503 16.383658 10.497924 8.414488 1.210634 1.851648 0.178531 19.846099 10.235307 13.094391 8.380679 4.822427 3.139354 2.406270 0.555532 0.288726 0.225020 26.399206 20.521342 3.254833 5.670195 0.648725 25.704169 48.702707 23.642084 29.520913 14.529002 20.202269 48.780725 11.690904 7.612643 5.863340 4.233971 25.046326 13.222591 2.172691 1.058512 4.685734 29.775764 9.111686 1.573469 0.748765 0.709765 24.446154 8.041956 1.034849 0.883531 47.089274 32.403168 6.846138 11.577386 2.149741 38.118955 73.266906 30.004416 39.166451 15.436040 29.821107 78.058429 17.183327 14.209073 9.378620 10.316930 42.816109 24.739875 8.148162 2.913116 10.179799 45.740976 19.169503 4.040712 2.207333 3.226366 43.138554 17.306712 3.322728 4.067332 45.473334 9.858103 35.235664 3.856625 6.625917 3.827080 59.681539 0.668043 1.622111 5.547159 0.193232 0.197948 2.643503 3.516098 0.037582 10.949493 21.761325 4.023628 6.479880 7.859535 1.446533 2.151463 3.522764 5.314557 0.584293 13.798153 17.730609 16.053698 14.601515 48.388369 13.568012 5.709533 5.291273 0.505581 1.627603 0.063506 5.273532 4.444720 7.550385 5.147478 4.301752 2.104748 1.517832 0.920946 0.019335 0.086641 3.054590 2.770951 2.200538 2.914545 1.343568 3.354953 3.822715 3.215717 3.830739 4.227397 2.243696 3.502915 1.223470 2.279266 1.454032
 29.621319 36.133211 19.727901 37.008950 11.410529 5.034362 2.329514 6.047148 1.037050 3.210215 8.069767 1.901863 2.180636 1.122645 0.689378 12.623756 5.734901 15.002314 2.822862 13.568055 8.284086 21.679056 4.766886 6.079894 8.464216 5.982112 2.927929 14.152517 16.986017 5.448901 1.981741 2.859265 5.029278 2.864103 2.094858 18.424256 8.635838 22.202513 4.482088 20.067586 12.768930 29.991061 7.102254 10.345763 14.416377 11.073740 4.852820 18.107546 21.275178 7.861764 3.602006 6.014869 9.240487 5.176756 5.411744 13.907233 51.971825 36.910837 14.860725 13.015572 3.235724 2.724579 2.016039 0.316440 0.307411 0.057654 7.611646 3.886786 4.305605 1.829211 1.373415 1.311154 0.470687 0.393246 0.083656 0.062352 6.689787 4.953755 0.878902 1.003109 0.176550 6.887702 18.804951 9.769736 9.187157 2.906949 5.082798 17.807977 3.165147 3.003479 1.096456 1.012702 8.796854 4.206460 1.108475 0.234541 0.877551 10.057907 3.781407 1.394860 0.202566 0.250550 6.156727 1.783293 0.375025 0.257292 12.310787 8.593143 1.871414 2.541472 0.504950 10.176813 27.751171 13.364654 10.972686 3.068440 7.770805 26.225247 4.366697 4.355928 1.699511 2.305777 14.092503 8.520888 2.361495 0.599206 2.066345 15.209951 6.979089 4.055386 0.530693 1.159539 12.913704 4.473374 1.797684 1.024833 10.139032 4.382810 1.936236 14.810042 1.149348 1.723451 0.747952 12.240199 0.407229 0.104865 4.618825 0.082306 1.193919 0.060012 0.253673 3.765816 1.835481 15.709929 1.061665 0.848388 5.342481 0.534014 2.754448 0.260395 1.691945 2.735431 5.040355 4.690630 5.284030 3.999464 2.711779 0.921130 0.870459 0.181799 0.280751 0.051189 2.092713 1.745921 1.586891 1.282494 0.924834 0.675042 0.101975 0.887121 0.422448 0.001743 0.588174 0.548191 0.485728 0.312404 0.162619 0.927558 1.115186 0.824045 0.760803 1.009985 0.655988 0.720610 0.843236 0.378131 0.426596
 51.733414 53.794733 38.966360 12.155903 86.224066 7.084223 4.692939 1.042066 13.891355 5.562277 3.130220 9.269871 1.167733 6.397289 1.439168 17.550925 11.846471 2.822862 36.610760 18.884952 14.487067 7.422526 26.280540 12.183443 14.512821 2.893521 18.473845 3.250120 8.161509 3.520932 5.584017 27.259425 20.134950 13.473781 2.757839 25.538641 17.587060 4.636558 52.585749 29.516934 23.500153 9.786489 44.876142 20.345889 24.554395 4.694159 33.918217 7.746521 14.542923 7.382717 15.621220 33.395769 27.342834 18.152318 3.978308 34.013925 93.712463 65.655825 19.828926 26.083956 3.579378 5.797221 5.312443 0.704311 0.845586 0.077633 12.441906 7.079693 7.405963 1.933592 2.485584 1.775455 0.437279 0.347144 0.080555 0.075431 14.134101 13.033849 1.970502 2.490506 0.271296 14.913259 30.337017 15.198726 15.471339 3.189413 12.662827 28.818856 5.622059 4.234727 0.980460 2.441608 16.662398 7.365696 1.187956 0.216802 2.554079 18.055343 5.438869 1.108368 0.192529 0.310316 6.072155 1.733411 0.379948 0.370896 26.193946 21.016603 4.426767 5.622270 0.881597 23.294265 46.544053 18.177414 19.264896 3.366284 18.412757 43.750119 8.235690 7.678446 1.631701 5.881277 25.827025 14.464527 3.451964 0.545034 5.713188 27.722675 11.387037 2.906638 0.427297 1.726443 14.335166 6.077025 1.951794 2.106626 19.626039 5.338979 4.475550 1.730808 25.123206 2.068015 1.349405 0.270782 39.764712 0.124217 0.061314 4.626063 0.042081 3.824822 1.773424 5.474454 4.230172 1.885920 20.303470 1.463930 0.765844 6.199717 0.426418 4.879886 2.380567 7.490618 12.048332 9.115779 7.962687 8.778404 1.930433 2.456044 3.246426 0.276700 0.554371 0.034555 3.201057 3.490785 3.718741 0.905945 1.927623 1.220595 0.196243 0.139770 0.003979 0.026142 1.455397 1.602796 1.243733 1.237824 0.349184 1.493068 1.681501 1.326340 0.469158 1.827475 1.162642 0.461398 1.125135 0.259671 0.244126
 210.796604 189.531040 107.082764 42.773669 61.898181 45.001012 18.882195 5.989636 8.204705 18.327726 12.208962 11.648272 3.712622 6.633487 1.414343 89.902935 40.206448 13.568055 18.884952 117.334744 46.207509 28.874658 28.165038 51.697511 48.210208 9.297246 17.049280 18.654164 31.306279 10.832633 4.947947 24.190952 31.664831 17.074651 3.743021 111.733069 53.347799 19.314434 26.564886 165.075616 70.383122 36.791830 40.449781 88.004981 82.616823 15.114073 27.633088 40.262618 53.499843 21.353430 12.261041 50.769529 57.825242 30.025172 7.836316 83.728851 232.992071 147.319760 55.937477 75.849089 16.255009 14.858155 13.828422 1.585224 2.130311 0.236513 26.360190 16.694061 19.351269 8.281569 7.060806 4.482647 3.153088 0.841574 0.268167 0.180747 36.203671 32.399779 4.362613 6.183660 0.696892 37.094688 64.153095 38.538689 40.876238 13.621244 33.367004 65.612414 16.695234 10.545120 6.460361 5.489834 38.050745 18.629825 3.038861 0.828678 6.638604 44.653794 13.272093 2.579837 0.561241 1.075401 25.997042 11.145407 1.189774 0.814686 63.305681 48.843256 9.905362 13.688217 2.202369 56.687459 98.347751 49.112608 49.754842 14.650222 49.580744 107.065821 24.348754 18.959972 9.616535 14.000289 60.588938 34.800102 10.479665 2.383008 16.450509 67.747477 26.859496 7.032014 1.767972 5.407959 50.787074 23.414702 5.059830 4.409868 86.347473 29.119734 13.418971 10.159837 10.920437 65.587990 15.179345 7.246873 8.126014 2.220318 2.043975 1.876870 0.194904 0.213372 0.048343 21.935863 16.499873 15.199023 14.000475 6.908617 5.285410 5.917314 2.013890 2.630703 1.585141 22.124940 30.903130 22.420540 24.789268 32.853303 13.771555 8.140051 9.469598 1.054505 2.349428 0.235821 6.979224 9.985098 10.027628 5.552403 7.023867 2.828745 3.834008 1.315708 0.330850 0.039007 4.425288 4.627836 2.861472 3.650309 1.161326 4.395762 5.421352 3.409619 3.962923 5.539075 2.935217 4.227960 2.191452 1.567988 0.995239
 98.748050 275.477132 313.631995 69.681586 104.244982 18.468062 19.968006 2.915261 5.138928 60.641998 19.481013 18.809978 13.535187 19.061801 2.508002 47.686873 54.069606 8.284086 14.487067 46.207509 153.591078 45.359774 45.151081 43.232609 128.773386 29.039260 42.399364 8.637062 50.086745 39.762741 8.726813 13.744008 49.672447 51.520843 6.529564 83.133567 96.998986 16.984691 27.239172 67.225719 226.465081 58.889692 66.565679 57.468680 171.999449 38.138130 58.667910 17.929877 83.143612 74.741399 21.136291 25.716805 87.220433 92.954654 13.396732 129.715923 304.259974 228.330467 72.511868 104.113892 22.851615 23.195974 19.064374 2.902571 2.961604 0.305220 39.858905 22.981385 22.018426 12.052228 8.584407 8.100348 3.381151 1.244787 0.361497 0.285728 57.021664 46.305571 8.271987 8.709580 0.955010 57.463718 100.171318 51.937932 50.041116 20.270076 46.507759 95.336961 20.465664 18.832542 7.815705 9.288153 54.298768 24.197633 4.640136 1.117145 8.956755 51.328136 23.091533 3.527241 0.842321 1.377526 36.227739 12.028755 1.559541 1.286299 95.474314 72.767561 17.057856 18.993915 2.905030 86.565845 154.962657 65.435795 66.282044 21.489995 69.333945 148.249517 31.026421 30.268703 12.138028 21.660106 86.723662 47.465514 14.562585 2.926913 21.726594 82.204955 44.300676 9.268027 2.499501 7.312781 68.531930 30.159964 6.603097 7.113678 20.035919 46.606674 80.931195 19.734554 19.809714 3.937189 15.263699 0.175673 0.206937 66.507010 3.466968 3.677633 17.338374 13.484710 0.135367 9.360822 15.540257 2.887740 3.732729 21.957892 10.166246 10.342827 15.892400 15.241817 2.978455 48.685861 43.540093 47.211565 36.002035 48.503647 20.777774 17.819845 16.907954 2.005658 2.892350 0.458978 13.551008 14.404804 13.401891 8.944521 9.784019 8.194977 3.067243 1.180401 0.042871 0.376983 8.295991 8.147147 6.110771 4.931201 1.637911 7.725535 7.962812 6.871018 5.588390 7.288494 6.703291 5.265587 3.541161 2.662827 1.884333
