 51.520640 133.584735 24.306485 5.385987 18.703806 28.169378 1.107934 0.577580 0.656447 8.501152 3.256248 4.975947 0.208727 0.457202 0.118496 68.137188 3.536374 1.519436 2.367559 48.349267 16.316399 5.101242 9.831272 3.817475 22.950090 0.657648 1.730439 2.495179 11.205075 0.836280 0.533758 1.933821 14.109548 1.174097 0.335543 87.408856 7.126730 2.363719 5.260158 49.788320 19.647003 5.205369 13.347776 9.250136 42.107649 1.481001 4.839262 8.518437 26.701574 2.900910 2.268826 5.596441 30.062192 3.222907 0.876294 12.975685 123.003106 88.528262 5.634541 2.699219 0.660852 6.456100 0.824613 0.054181 0.071082 0.020377 19.060858 3.578606 1.934095 0.484628 0.754804 0.235870 0.109364 0.069738 0.010558 0.005888 16.750787 3.515793 0.185689 0.183795 0.066140 11.520599 38.378160 5.046106 2.563255 0.609570 1.678401 45.082320 1.296048 0.552330 0.218915 0.241764 12.163385 3.400525 0.258200 0.039514 0.353147 7.705638 1.158960 0.299560 0.025923 0.107548 2.364723 0.587065 0.056048 0.030554 31.828286 11.468508 0.499715 0.445474 0.151389 12.146054 50.657840 5.164040 2.589913 0.623968 3.159418 66.957333 1.826345 0.990615 0.386924 0.985115 27.111642 13.129983 0.603934 0.116064 1.704442 22.152084 6.484457 1.007143 0.097093 0.738026 11.718954 4.493085 0.396802 0.202703 59.999147 14.438301 4.751890 3.102704 4.375718 29.799218 0.592075 0.000000 0.743918 1.743888 0.919054 1.605099 0.034040 0.200065 0.043744 9.555677 7.228763 5.009093 5.101047 2.703498 1.772747 1.648892 0.489005 0.449020 0.297535 6.886281 14.336948 22.156911 5.541418 3.555010 1.483044 2.713375 0.857508 0.002001 0.002001 0.002001 4.931156 1.914987 1.617372 0.631477 0.814225 0.332311 0.130427 0.000000 0.000000 0.000000 0.984905 0.969502 0.338816 0.383401 0.222756 1.238860 0.984363 0.694268 0.319782 0.953126 0.706262 0.296231 0.558823 0.169257 0.168710
 133.584735 1707.056136 453.435325 105.158985 333.334020 82.112072 5.325736 2.075872 3.552951 162.526498 68.028512 107.245359 4.102191 10.320663 2.547248 249.805835 21.335380 7.458428 15.006073 126.701488 316.101877 100.694789 201.843463 15.547732 405.852291 12.690252 36.638374 7.977972 214.992225 16.045599 10.986934 9.855066 295.238013 28.068258 7.667511 477.121633 68.671656 21.570889 50.309761 129.142450 377.284391 101.947941 256.261746 32.242141 686.981869 28.652547 95.917330 23.042346 416.222481 53.495970 43.283439 23.358417 551.017122 69.174950 20.032281 194.374848 1463.603709 965.827746 67.907633 33.053595 7.801744 95.922387 12.856584 1.428473 0.785568 0.218546 241.081447 41.346590 23.118297 5.601364 10.632961 3.370560 1.377175 0.604578 0.174079 0.106768 248.708146 47.421995 4.870892 2.396143 0.690924 172.418562 526.369036 61.247642 31.306822 7.181076 30.286839 534.144865 20.612106 7.828507 2.633441 5.619051 144.562634 45.653594 2.414134 0.649502 3.797699 90.659551 16.270679 2.501728 0.451802 1.159381 27.575954 7.358067 0.892694 0.541050 419.137100 131.948687 11.331092 5.995386 1.522896 184.997748 710.056638 63.664328 31.879735 7.442540 53.731366 776.604892 29.241398 13.716464 4.070717 18.594931 318.608678 155.307407 6.394181 1.615838 17.939631 249.926535 78.431510 7.672315 1.360792 7.963064 132.731083 52.667417 5.365127 2.902686 136.332563 298.895228 175.100129 121.775816 170.005235 75.910384 0.719341 0.000000 0.616973 96.635342 68.188187 90.816166 0.718336 2.001456 0.624465 26.084369 21.868925 15.096985 17.593737 29.734520 23.169710 28.941295 17.882978 24.200058 14.971837 147.254005 262.586167 277.690253 74.295654 52.591234 20.596475 59.394087 10.400605 0.252137 0.252137 0.252137 86.660290 27.910176 22.574933 8.907928 10.105728 4.816318 3.396862 0.000000 0.000000 0.000000 28.623774 27.547448 12.931963 7.968472 4.881262 30.849846 22.081620 13.525914 5.683072 20.499521 12.993214 5.176373 6.311610 2.956051 2.717906
 24.306485 453.435325 630.708339 18.466439 119.043601 13.191484 4.046813 0.302682 0.819414 117.351682 10.431298 24.382134 2.885982 6.036451 0.613898 43.225929 18.521101 1.127210 3.739401 21.246662 288.321434 16.406619 55.429027 7.467947 221.726525 5.634863 17.821825 1.181181 34.908336 12.986350 2.911812 1.789474 61.862993 17.841967 1.395499 98.511587 75.043168 3.508388 15.268090 22.581904 408.513642 17.359048 83.191156 10.508627 282.250145 8.336029 38.609109 3.743208 81.971941 55.351951 14.139302 4.081211 121.951521 58.339037 3.360410 101.490262 722.742868 362.027765 39.485049 15.815613 4.398640 51.403205 7.187300 0.640552 0.482572 0.125372 99.008212 26.120083 10.456080 3.389530 3.639701 1.317930 0.534986 0.417792 0.088433 0.048900 135.041729 25.295169 2.076264 1.400044 0.398575 89.802094 214.240668 37.072844 14.955256 4.151446 16.495900 226.577361 7.644913 3.092601 1.090365 2.839554 89.276228 15.780061 1.723043 0.348900 2.370186 39.494695 6.318983 1.625499 0.195908 0.663788 16.439973 2.849119 0.452660 0.252266 225.116531 61.247381 5.902731 3.345538 1.031532 96.469606 287.367817 37.843344 15.276378 4.233854 29.603638 349.836295 12.008893 5.680480 1.956455 11.407424 187.396437 54.473176 4.950314 1.029857 11.902183 112.484640 31.155581 4.705804 0.638982 4.678900 73.034856 20.273469 2.554514 1.561385 10.593495 111.791698 298.862169 9.196753 14.467200 1.604499 13.650549 0.000000 0.293059 98.061048 1.578989 3.103995 8.898748 8.095440 0.136695 7.886386 13.221930 0.790956 0.900355 20.429586 7.330517 12.238811 11.026752 13.923856 0.838714 79.102510 117.070367 94.500704 42.397444 21.772116 12.457190 31.898324 7.378672 0.144291 0.144291 0.144291 33.968670 18.852812 8.733146 5.713158 2.848645 1.838082 1.546289 0.000000 0.000000 0.000000 15.566571 14.169834 4.944797 4.932526 2.527284 13.969238 8.764178 5.985393 2.930604 8.346169 4.389435 2.239375 4.043884 2.090870 1.626819
 5.385987 105.158985 18.466439 34.825123 12.436261 3.142821 0.187618 0.431389 0.110197 6.227049 20.554606 3.405403 0.976729 0.291822 0.383608 10.150720 0.775007 1.780033 0.482944 5.073805 12.042274 33.157282 6.538535 0.586505 17.331362 3.490131 1.088921 1.297462 53.279547 2.855467 1.326848 0.309644 10.324820 0.801392 1.409291 24.304991 2.706730 6.675442 1.863715 5.198619 14.771344 33.763972 8.929247 1.323891 34.011235 8.657616 3.056127 2.213404 69.498376 5.209484 3.148812 0.797864 23.830280 2.207334 4.802912 9.177115 88.679188 66.047438 9.160489 2.799778 0.408797 4.581140 0.690787 0.104867 0.031970 0.007093 11.526956 6.139552 1.905454 0.292972 0.783379 0.199632 0.067735 0.034393 0.023158 0.002737 11.437400 2.910659 0.311219 0.110586 0.022202 8.202954 27.113160 8.473918 2.646001 0.372179 1.215691 24.527828 1.499882 0.363879 0.112800 0.435816 19.869806 3.372673 0.138246 0.081834 0.153340 6.374483 1.006171 0.142094 0.011086 0.038035 1.461513 0.366589 0.116711 0.014275 19.859441 8.568443 0.807355 0.394775 0.056460 8.678115 41.224627 8.649616 2.704836 0.386946 1.879858 37.468519 2.891834 0.588521 0.161705 1.413527 32.524849 10.917195 0.340848 0.142145 0.833807 14.456231 5.123378 0.501212 0.035122 0.283706 7.534171 2.839369 0.644376 0.092383 2.599070 10.120510 3.679783 43.465867 2.898263 0.939087 0.028955 0.000000 0.042795 1.258733 22.200305 1.173866 0.334262 0.133363 0.430554 1.231248 0.373880 3.726228 0.202214 2.047799 6.852899 1.085116 4.857620 0.383533 3.441791 4.317521 9.795284 15.181794 8.390773 3.259561 0.779215 1.703925 0.970175 0.000578 0.000578 0.000578 3.061909 3.183096 1.288388 0.342104 0.979563 0.405299 0.087097 0.000000 0.000000 0.000000 0.853852 0.960501 0.667236 0.353637 0.122403 0.970260 1.208498 0.668158 0.265700 1.052363 0.490490 0.183388 0.631311 0.323494 0.266325
 18.703806 333.334020 119.043601 12.436261 496.478464 9.774455 0.829509 0.207516 3.529972 30.735007 6.919246 71.875784 0.585208 11.199922 2.236456 32.333640 3.727531 0.769496 16.235539 15.705068 67.865652 10.602359 184.268222 2.155611 74.398678 1.563849 44.454328 0.838819 24.044247 2.627332 11.075327 5.632601 138.778038 18.734134 3.508980 73.734389 15.161807 2.444085 61.908463 17.014381 91.780329 11.407583 287.756705 4.600972 133.170498 3.419346 121.768469 2.784862 60.055910 11.741691 55.017352 7.400811 183.023693 27.641006 4.953531 36.481813 552.538691 359.435302 18.017791 11.342254 2.180313 20.991168 2.935545 0.196071 0.251999 0.061400 100.361573 11.538259 8.018477 1.492000 2.592627 1.096853 0.495796 0.206814 0.030731 0.036892 63.055171 11.981852 0.700790 0.837930 0.188772 33.675471 215.573783 16.580548 10.798454 1.982210 6.877129 219.864948 5.126958 2.626223 0.946567 0.872770 41.571592 11.676598 0.788489 0.123502 1.180787 32.156081 5.395405 0.843225 0.156540 0.328635 7.606002 2.660380 0.163099 0.185451 123.227490 42.090126 1.968184 2.111832 0.405106 35.044991 286.146413 17.127506 10.955594 2.072575 11.858994 313.672717 8.190115 5.000111 1.325271 3.546764 100.765354 46.112921 1.912325 0.366243 4.821408 92.415464 27.209474 2.229746 0.439591 2.319997 43.035611 19.576335 1.138166 0.933121 7.475724 63.754258 16.606036 6.458859 288.253583 1.246810 0.009081 0.000000 14.803257 1.800988 1.113464 91.800873 0.014616 27.069672 11.764542 5.242322 0.806503 0.376738 12.702647 15.084601 3.874129 22.585888 0.743646 18.543536 8.450123 28.439681 95.211228 89.470333 17.374713 17.822081 3.684076 11.890287 1.593042 0.000993 0.000993 0.000993 31.377974 6.938929 6.986161 1.605333 2.051838 1.007989 0.439324 0.000000 0.000000 0.000000 5.570895 5.552713 1.117188 1.961965 0.646295 6.571796 4.561341 3.926267 1.600842 3.948821 3.420599 1.704632 1.654373 0.460327 0.820240
 28.169378 82.112072 13.191484 3.142821 9.774455 16.090405 0.569077 0.305514 0.306610 4.937528 1.953394 2.892690 0.115783 0.234074 0.067497 40.559457 1.803008 0.835041 1.074097 26.677600 9.168723 2.992449 5.387316 2.049561 13.697541 0.369842 0.869596 1.313021 6.784187 0.466324 0.300912 1.049879 8.660829 0.643646 0.202537 53.342709 3.548711 1.340256 2.361088 27.292651 10.778804 3.041891 7.047730 5.102465 25.793861 0.848262 2.435813 4.448538 16.213818 1.606412 1.244035 3.231986 19.051732 1.822075 0.542433 7.494557 72.601201 50.871420 3.339086 1.675629 0.408322 3.729356 0.446074 0.032641 0.037639 0.011349 11.206511 2.109672 1.201921 0.302618 0.459258 0.145536 0.064805 0.043781 0.006359 0.003737 9.636752 1.898118 0.111225 0.102152 0.037562 6.670473 22.872346 2.982897 1.594743 0.378499 0.926425 26.172063 0.781992 0.347822 0.130384 0.146286 7.193359 2.078179 0.162205 0.024013 0.184957 4.756194 0.708295 0.186471 0.016438 0.059699 1.468538 0.347321 0.033666 0.019375 18.256671 6.327532 0.300014 0.269105 0.088998 7.042502 30.357716 3.057983 1.610977 0.387460 1.789465 38.932418 1.094890 0.622714 0.234555 0.590121 16.043866 7.991480 0.378909 0.071292 0.886844 13.393981 3.847290 0.611934 0.061774 0.399779 7.058588 2.632696 0.236085 0.127950 35.224127 8.744591 2.483775 1.879784 2.238180 18.010388 0.029371 0.000000 0.027103 1.005460 0.668242 0.923252 0.001139 0.008903 0.001952 4.920998 3.765204 2.719553 2.643255 1.384313 0.990843 0.872724 0.247437 0.204096 0.168518 4.228222 9.177638 12.764173 3.386961 2.308345 1.003292 1.671096 0.549193 0.001135 0.001135 0.001135 3.122755 1.175582 1.046624 0.415951 0.520784 0.203093 0.084047 0.000000 0.000000 0.000000 0.583946 0.567807 0.204856 0.239392 0.137089 0.768094 0.606221 0.453910 0.203904 0.591811 0.461861 0.186620 0.344871 0.105531 0.109929
 1.107934 5.325736 4.046813 0.187618 0.829509 0.569077 0.198205 0.012095 0.017888 1.044196 0.106372 0.201480 0.022514 0.037965 0.004380 1.700597 0.754875 0.038984 0.072894 0.987853 2.314800 0.171986 0.422929 0.472967 2.410049 0.056474 0.124259 0.047538 0.365224 0.096065 0.020585 0.047218 0.552124 0.115152 0.011309 2.727205 1.746952 0.076330 0.196391 1.044710 3.135037 0.178707 0.594289 0.710364 3.359178 0.095149 0.286166 0.154240 0.908166 0.402535 0.096549 0.151142 1.219621 0.388649 0.029443 1.263126 6.606787 3.258274 0.215442 0.118333 0.035645 0.577209 0.054693 0.003984 0.005234 0.001029 0.974197 0.141785 0.084831 0.027214 0.029521 0.010359 0.005002 0.003735 0.000572 0.000262 1.350638 0.188066 0.012282 0.013913 0.002803 1.115566 1.969382 0.196356 0.113425 0.033603 0.151174 2.366870 0.057666 0.027426 0.010560 0.018189 0.538302 0.131505 0.015415 0.002226 0.025582 0.355277 0.049016 0.015689 0.001166 0.005548 0.133806 0.026682 0.002990 0.001339 2.112017 0.469675 0.029904 0.029439 0.006299 1.206265 2.545962 0.201198 0.114598 0.034279 0.309963 3.641589 0.089281 0.048465 0.018824 0.079652 1.372123 0.492115 0.036771 0.007104 0.121411 1.057452 0.248413 0.041784 0.004491 0.044123 0.667005 0.190022 0.018994 0.007854 1.116803 0.728133 1.359217 0.083752 0.081493 0.315852 0.528562 0.000000 0.013602 0.576071 0.015316 0.016712 0.031223 0.029827 0.001055 0.705214 1.095603 0.075805 0.051457 0.510213 0.059801 0.053451 0.075877 0.062400 0.005348 0.704189 0.655570 0.636928 0.197638 0.143910 0.066602 0.267391 0.025756 0.000844 0.000844 0.000844 0.225940 0.091972 0.071603 0.039778 0.026879 0.009904 0.014544 0.000000 0.000000 0.000000 0.123478 0.128156 0.032575 0.048932 0.025747 0.112344 0.049729 0.035795 0.016374 0.042161 0.031575 0.013849 0.050098 0.006864 0.006004
 0.577580 2.075872 0.302682 0.431389 0.207516 0.305514 0.012095 0.044445 0.005700 0.114279 0.243537 0.064063 0.014430 0.004809 0.004955 0.814862 0.039746 0.138022 0.020202 0.540197 0.217299 0.407619 0.119637 0.046921 0.330522 0.055945 0.018157 0.156087 0.730632 0.044211 0.018276 0.020330 0.196057 0.013575 0.017713 1.201819 0.083464 0.245416 0.049232 0.558287 0.254500 0.417781 0.155715 0.124867 0.666896 0.138240 0.051760 0.312847 1.152488 0.083794 0.045265 0.065672 0.451799 0.039022 0.056416 0.215009 1.769490 1.485190 0.095185 0.023140 0.007025 0.102625 0.019205 0.001522 0.000745 0.000185 0.300779 0.055536 0.016363 0.004633 0.019283 0.003062 0.001774 0.000357 0.000229 0.000038 0.260413 0.083877 0.005296 0.002023 0.000560 0.185763 0.650208 0.079215 0.021557 0.006165 0.031892 0.677582 0.031266 0.006089 0.003195 0.006988 0.188426 0.086687 0.001374 0.000792 0.003833 0.069640 0.015775 0.001632 0.000176 0.001002 0.023908 0.009622 0.001217 0.000200 0.499661 0.238834 0.012972 0.005235 0.001331 0.195403 0.925267 0.083518 0.022123 0.006479 0.048152 0.969564 0.045129 0.009005 0.004510 0.030651 0.403904 0.288884 0.003502 0.001747 0.024778 0.258141 0.099091 0.007691 0.000766 0.007950 0.145985 0.076588 0.008557 0.001295 0.523863 0.183336 0.047343 0.446586 0.032920 0.209796 0.000862 0.000000 0.000852 0.009122 0.164035 0.010109 0.000954 0.000962 0.001192 0.203650 0.051445 0.394962 0.025151 0.039038 0.212734 0.016089 0.080380 0.003423 0.031967 0.095600 0.151349 0.243048 0.075476 0.016242 0.004706 0.037927 0.028271 0.000003 0.000003 0.000003 0.057552 0.021626 0.006874 0.001809 0.034091 0.002883 0.000720 0.000000 0.000000 0.000000 0.015470 0.021868 0.006523 0.002777 0.002442 0.017942 0.017357 0.004314 0.003273 0.021889 0.004486 0.003228 0.002319 0.001727 0.000470
 0.656447 3.552951 0.819414 0.110197 3.529972 0.306610 0.017888 0.005700 0.184588 0.236892 0.063558 0.682316 0.004677 0.083648 0.015012 1.005278 0.072954 0.019266 0.743016 0.530947 0.498256 0.098593 1.654228 0.055880 0.614887 0.014632 0.357002 0.023118 0.228121 0.019632 0.073577 0.329927 1.485270 0.138411 0.028077 1.776838 0.199041 0.041275 1.712210 0.590908 0.646395 0.103792 2.514901 0.135790 1.170399 0.033963 1.030307 0.075650 0.603084 0.082207 0.369942 0.417090 2.051920 0.202456 0.044045 0.351589 4.783666 3.297150 0.156675 0.062392 0.017508 0.185997 0.018677 0.001342 0.001438 0.000359 1.114502 0.090671 0.044861 0.011817 0.036544 0.007442 0.004150 0.001226 0.000414 0.000264 0.493071 0.076859 0.004722 0.004470 0.001122 0.321521 2.306083 0.140838 0.059332 0.016014 0.043491 2.374247 0.073801 0.017585 0.008133 0.006052 0.342599 0.144597 0.004831 0.001507 0.007024 0.189442 0.037246 0.005181 0.001138 0.001916 0.060118 0.022391 0.002237 0.001315 0.908607 0.282799 0.013639 0.011148 0.002714 0.337296 2.826097 0.148377 0.060304 0.016702 0.078700 3.083507 0.092653 0.030702 0.011090 0.025640 0.835768 0.423915 0.012597 0.003465 0.033815 0.604557 0.205896 0.016561 0.003343 0.013601 0.343167 0.171916 0.017096 0.006215 0.646161 0.464071 0.091214 0.050305 1.475738 0.179390 0.000140 0.000000 0.651592 0.010709 0.011746 0.529498 0.000022 0.152440 0.038848 0.464063 0.042665 0.027748 0.873269 0.084965 0.027546 0.374157 0.004405 0.124726 0.054305 0.188553 0.574775 0.606527 0.117413 0.073595 0.020822 0.076600 0.003758 0.000006 0.000006 0.000006 0.223316 0.036414 0.028060 0.007296 0.008308 0.003486 0.002014 0.000000 0.000000 0.000000 0.027286 0.028256 0.008045 0.008094 0.005287 0.059728 0.057081 0.015522 0.010883 0.059248 0.017030 0.011895 0.004692 0.003132 0.002126
 8.501152 162.526498 117.351682 6.227049 30.735007 4.937528 1.044196 0.114279 0.236892 40.582352 3.725623 7.922022 0.772325 1.736757 0.175696 16.275387 4.477667 0.422515 1.052662 7.892126 86.932043 5.810020 16.481710 2.474793 84.328422 1.879227 5.105423 0.443849 12.681110 3.302735 0.814733 0.594321 21.530720 5.510087 0.458773 36.544830 15.916119 1.240123 4.083546 8.159743 103.985161 5.989803 22.419137 3.698413 107.940657 2.942411 10.533338 1.372764 29.954097 12.563531 3.729663 1.461849 43.486387 15.896383 1.132560 27.838137 182.519546 103.377887 6.475497 4.228603 0.901721 14.022213 1.706570 0.140082 0.111786 0.030847 27.911815 4.044484 2.840989 0.658545 0.992893 0.377392 0.151606 0.085371 0.016400 0.011650 36.209410 5.995120 0.451839 0.339774 0.093181 24.703695 60.872675 5.880577 4.013028 0.836384 3.987251 62.743163 1.882952 0.938666 0.295682 0.634858 14.981221 4.447930 0.369689 0.065971 0.535771 10.760759 1.763329 0.321587 0.046650 0.164473 3.293205 0.808038 0.083094 0.060641 58.382619 15.221019 1.158229 0.870194 0.187709 26.544962 81.657550 6.109864 4.091753 0.864449 7.269682 93.643492 2.632267 1.741307 0.458376 2.660078 37.978249 16.072184 1.173725 0.197393 2.547927 29.705738 8.414073 0.885307 0.134971 1.158751 16.488094 5.651955 0.465507 0.384708 4.113639 34.533957 62.063245 3.793547 5.524534 1.121955 0.618159 0.000000 0.008692 31.873687 1.095209 1.611753 0.591900 0.633199 0.006279 2.910560 4.776248 0.360315 0.322035 6.886368 2.495557 4.073077 3.909002 5.034433 0.342129 21.598872 31.145435 27.553340 6.832867 6.083008 2.145885 8.926868 1.143053 0.042503 0.042503 0.042503 9.652274 2.758181 2.603918 1.074225 0.802736 0.317812 0.638413 0.000000 0.000000 0.000000 3.737361 3.541372 1.161965 1.273848 0.603267 3.516926 1.917100 1.573600 0.631548 1.931500 1.341659 0.554070 0.771229 0.318199 0.363865
 3.256248 68.028512 10.431298 20.554606 6.919246 1.953394 0.106372 0.243537 0.063558 3.725623 12.547546 2.108278 0.482724 0.161017 0.214505 6.418843 0.441627 1.012474 0.276721 3.083644 6.968927 19.694554 3.821458 0.335170 10.602236 1.814074 0.596227 0.748370 33.546067 1.421014 0.722909 0.189404 6.678755 0.466662 0.848251 15.502352 1.534193 3.787053 1.037340 3.147726 8.361611 19.965211 5.015964 0.769373 21.439239 4.807517 1.672739 1.292887 44.663914 2.606969 1.598544 0.501088 15.753148 1.307599 2.906086 5.568743 53.835156 42.605857 5.157602 1.776193 0.246364 2.797796 0.446760 0.070207 0.019470 0.004339 7.493965 3.391740 1.209332 0.172895 0.510698 0.130826 0.044278 0.020774 0.014037 0.001648 7.092720 1.882650 0.205376 0.068355 0.013742 4.971276 17.771806 4.720667 1.677197 0.222591 0.785231 15.761019 0.968680 0.236789 0.073045 0.290039 11.067860 2.194282 0.083914 0.050016 0.092887 4.044905 0.659073 0.086063 0.006736 0.023303 0.861471 0.239626 0.070029 0.008600 12.406684 5.578273 0.496341 0.246359 0.034467 5.259510 27.070129 4.841756 1.715636 0.232787 1.206880 23.806498 1.825871 0.381600 0.103121 0.884125 18.551586 7.084287 0.204317 0.087140 0.493616 9.111139 3.349881 0.297779 0.021319 0.173965 4.453385 1.852428 0.365765 0.055736 1.571608 6.446091 1.962345 27.479586 1.537469 0.636070 0.000700 0.000000 0.002165 0.761894 14.351738 0.692454 0.023997 0.007452 0.020632 0.712649 0.196538 2.190219 0.115385 1.020734 3.784550 0.635714 2.619667 0.199242 2.044073 2.764117 6.444671 9.885406 4.913045 2.125764 0.476775 1.074842 0.637128 0.000378 0.000378 0.000378 2.094241 1.829087 0.850077 0.204515 0.655525 0.287144 0.064285 0.000000 0.000000 0.000000 0.558216 0.622737 0.449006 0.223845 0.076077 0.638818 0.792263 0.427093 0.173711 0.695557 0.321955 0.122728 0.389933 0.209177 0.168068
 4.975947 107.245359 24.382134 3.405403 71.875784 2.892690 0.201480 0.064063 0.682316 7.922022 2.108278 24.427457 0.142256 1.980766 0.403844 9.984089 0.868104 0.240756 3.006740 4.575005 16.348650 3.168705 51.412313 0.566810 20.783324 0.418720 7.655969 0.253121 7.528792 0.614080 1.896551 1.461334 53.537465 4.251586 0.907339 23.486500 3.238449 0.736000 10.486092 4.760812 20.147365 3.269791 62.813265 1.215204 40.104651 0.922029 21.158169 0.787875 18.930110 2.483124 8.612914 2.090205 69.879881 6.549775 1.443037 10.106534 118.007185 78.188994 2.670732 2.309857 0.601325 5.334628 0.745770 0.038400 0.067751 0.014216 21.993132 1.600994 1.659042 0.422631 0.582097 0.270249 0.121643 0.028194 0.005244 0.013509 15.093149 2.922040 0.130363 0.216553 0.042337 9.129731 47.526597 2.380548 2.178074 0.550981 1.725793 47.947342 1.113627 0.631008 0.242034 0.172449 6.197023 2.568142 0.114954 0.021328 0.317200 6.968055 1.322226 0.119013 0.056760 0.076086 2.091647 0.646525 0.027620 0.066005 28.215555 10.116135 0.341891 0.452282 0.096653 9.670376 63.084417 2.509206 2.219707 0.574158 2.915259 68.147836 1.453768 1.131531 0.363418 0.777416 17.465334 9.663764 0.333213 0.071833 1.249923 20.389568 6.294814 0.351105 0.141083 0.536574 10.263486 4.475343 0.190708 0.264718 2.496067 17.051931 4.298323 2.167477 55.581224 0.936449 0.000659 0.000000 0.527430 1.137924 0.850294 29.000747 0.001760 1.131035 0.538498 1.567398 0.247963 0.156547 3.800183 3.608159 1.218198 6.895118 0.257744 5.196574 2.790840 6.687150 17.643528 16.695325 2.212661 3.291186 1.178911 2.711428 0.557378 0.000373 0.000373 0.000373 6.023551 0.704991 1.335246 0.482974 0.356740 0.265950 0.201401 0.000000 0.000000 0.000000 1.350444 1.278636 0.300921 0.545467 0.203746 1.539824 0.930121 0.825095 0.397442 0.917604 0.851256 0.411085 0.207672 0.078744 0.238489
 0.208727 4.102191 2.885982 0.976729 0.585208 0.115783 0.022514 0.014430 0.004677 0.772325 0.482724 0.142256 0.168711 0.027397 0.008318 0.386617 0.098008 0.058806 0.020841 0.191319 1.728483 0.870871 0.293287 0.056212 1.802153 0.439401 0.087216 0.043486 1.363530 0.574430 0.035618 0.011731 0.399839 0.085727 0.024421 0.911867 0.391194 0.186426 0.081461 0.199010 2.324534 0.926578 0.415179 0.095383 2.583676 0.679389 0.191426 0.077197 2.094355 1.216681 0.118457 0.029609 0.870004 0.284741 0.075362 0.664941 4.957788 2.570471 0.388890 0.124137 0.052611 0.334648 0.025045 0.004236 0.001854 0.000808 0.533102 0.275475 0.080528 0.043130 0.026874 0.006387 0.003360 0.002597 0.002116 0.000392 0.801988 0.098681 0.012168 0.005648 0.002359 0.607295 1.165439 0.365633 0.118320 0.050494 0.058110 1.192811 0.046464 0.014419 0.006271 0.019282 0.933970 0.120828 0.010977 0.007671 0.009032 0.269559 0.031531 0.009149 0.001465 0.004265 0.206704 0.018002 0.010502 0.002027 1.280836 0.309159 0.030989 0.017918 0.006941 0.637921 1.626573 0.371259 0.120289 0.050583 0.112961 1.830468 0.073060 0.027319 0.010936 0.084586 1.631887 0.434452 0.034696 0.014720 0.053127 0.663634 0.168016 0.024068 0.004124 0.030911 0.779308 0.131592 0.049881 0.012276 0.067956 0.569593 0.962936 1.066698 0.064594 0.010730 0.026703 0.000000 0.001125 0.377645 0.320129 0.011273 0.289164 0.020599 0.003689 0.051069 0.060721 0.093807 0.004298 0.414118 0.628248 0.049857 0.745051 0.065992 0.048472 0.313991 0.496545 0.466643 0.240542 0.139893 0.157512 0.139866 0.019872 0.000195 0.000195 0.000195 0.130427 0.116221 0.055683 0.069556 0.019211 0.005806 0.003197 0.000000 0.000000 0.000000 0.054205 0.057800 0.026107 0.020660 0.012363 0.044447 0.031772 0.035267 0.024647 0.021574 0.021593 0.011886 0.028669 0.020602 0.017230
 0.457202 10.320663 6.036451 0.291822 11.199922 0.234074 0.037965 0.004809 0.083648 1.736757 0.161017 1.980766 0.027397 1.172997 0.043665 0.799659 0.166999 0.018509 0.389634 0.380783 3.862717 0.253441 5.154151 0.104620 4.280227 0.076182 3.925629 0.018936 0.582740 0.120818 0.218447 0.134586 4.249218 2.192613 0.077059 1.972982 0.674313 0.059692 1.522736 0.415647 4.958352 0.271741 8.084719 0.189447 6.338842 0.132271 6.942187 0.062142 1.594995 0.523846 1.164213 0.180580 5.813775 2.929232 0.113805 0.873904 17.309835 9.414328 0.352152 0.288039 0.067802 0.489446 0.063789 0.003872 0.007786 0.001197 2.958294 0.237745 0.218050 0.049459 0.056901 0.026113 0.012631 0.004090 0.000645 0.000866 1.460934 0.259946 0.013992 0.027845 0.003894 0.799773 6.384227 0.324039 0.277293 0.063201 0.145905 6.351141 0.109147 0.066895 0.024242 0.018034 0.955090 0.264516 0.017681 0.002721 0.035461 0.932524 0.128638 0.017209 0.003747 0.006373 0.241632 0.067571 0.003348 0.004308 3.035582 0.957710 0.039489 0.068664 0.009686 0.839243 8.101562 0.335482 0.279751 0.065183 0.259286 9.105276 0.155624 0.130608 0.035500 0.083074 2.804991 1.076239 0.063601 0.009817 0.129500 2.835747 0.662591 0.050077 0.011947 0.045157 1.199173 0.488641 0.022071 0.021318 0.127378 1.583427 2.415410 0.116961 4.507691 0.010601 0.008162 0.000000 0.249785 0.491657 0.011322 1.223679 0.012297 2.332011 0.119583 0.105556 0.090835 0.006406 0.225854 1.959306 0.067814 2.206132 0.100110 2.402484 0.156862 0.468006 2.752418 1.703252 0.247972 0.411782 0.103267 0.196636 0.016868 0.000609 0.000609 0.000609 0.638121 0.115845 0.158093 0.056731 0.040507 0.010936 0.013704 0.000000 0.000000 0.000000 0.106402 0.091331 0.018019 0.074847 0.015995 0.122261 0.072556 0.076445 0.039882 0.070342 0.069080 0.037308 0.019539 0.009476 0.015293
 0.118496 2.547248 0.613898 0.383608 2.236456 0.067497 0.004380 0.004955 0.015012 0.175696 0.214505 0.403844 0.008318 0.043665 0.065123 0.231432 0.019590 0.020599 0.071598 0.105855 0.361209 0.338731 0.991968 0.012132 0.454549 0.024850 0.182113 0.017742 0.685579 0.034728 0.278789 0.028242 0.927372 0.080381 0.138203 0.587012 0.079951 0.080999 0.334466 0.111193 0.473904 0.357203 1.570472 0.027711 0.845854 0.066793 0.555481 0.038464 1.189798 0.107775 0.841934 0.043894 1.399403 0.132993 0.221685 0.254645 3.263793 2.161243 0.104065 0.104145 0.011816 0.140695 0.024638 0.001280 0.001291 0.000297 0.527864 0.065816 0.073803 0.008253 0.017844 0.008737 0.002476 0.001597 0.000158 0.000153 0.404301 0.103725 0.004431 0.004591 0.000939 0.231355 1.160158 0.092204 0.098225 0.010700 0.049018 1.177480 0.030415 0.017474 0.004424 0.005724 0.243261 0.084387 0.006215 0.000622 0.006286 0.269588 0.043099 0.006418 0.000648 0.001586 0.040815 0.013350 0.000826 0.000785 0.763324 0.303344 0.012111 0.013643 0.002124 0.243442 1.654126 0.096756 0.100399 0.011175 0.079575 1.744378 0.045836 0.032495 0.006370 0.024027 0.590148 0.360406 0.015202 0.001779 0.031331 0.631088 0.200596 0.016190 0.001961 0.011337 0.225069 0.101364 0.005690 0.004672 0.042396 0.342385 0.074038 0.482891 0.931119 0.011069 0.000016 0.000000 0.037812 0.010620 0.147586 0.375052 0.000438 0.101883 0.384294 0.018900 0.003605 0.021362 0.035777 0.062187 0.239940 0.175145 0.031623 0.073740 0.383392 0.164716 0.472066 0.369736 0.093287 0.156583 0.017429 0.063016 0.033809 0.000001 0.000001 0.000001 0.142538 0.033903 0.061380 0.008573 0.016951 0.011914 0.000988 0.000000 0.000000 0.000000 0.036220 0.038960 0.005488 0.010163 0.003955 0.035130 0.018777 0.032946 0.007548 0.015437 0.027335 0.007402 0.016611 0.002360 0.007210
 68.137188 249.805835 43.225929 10.150720 32.333640 40.559457 1.700597 0.814862 1.005278 16.275387 6.418843 9.984089 0.386617 0.799659 0.231432 109.428973 5.730034 2.420902 3.683952 64.842916 30.136723 9.686249 18.359927 5.855040 45.148185 1.248972 2.968599 3.375133 22.139568 1.539006 1.025003 3.290280 30.032746 2.198697 0.704206 153.899875 11.888726 4.279905 8.389960 66.065952 35.483616 9.829719 23.731599 13.805508 84.218390 2.876843 8.240850 10.806515 51.285648 5.262863 4.190393 9.272338 64.591424 6.098999 1.884019 24.061888 217.298227 146.570378 9.588670 4.899400 1.234765 11.776233 1.342956 0.105109 0.106856 0.030628 34.468637 5.984801 3.504716 0.919520 1.452507 0.448535 0.194514 0.126819 0.019424 0.011988 29.902815 5.576848 0.354968 0.306750 0.101599 21.368001 71.616330 8.522109 4.667639 1.146851 2.895615 79.060451 2.499658 1.096752 0.388596 0.472900 20.789185 6.525584 0.477600 0.074348 0.517464 13.923342 2.158719 0.533408 0.052726 0.161278 4.462463 1.041814 0.102354 0.061694 55.013060 18.179030 0.948747 0.842060 0.250852 22.693465 95.072904 8.784654 4.720741 1.175937 5.675419 116.745923 3.447876 1.930912 0.687827 1.915650 47.238831 24.217221 1.125508 0.221352 2.455956 39.190302 11.313376 1.684742 0.196894 1.085333 21.113311 7.811786 0.702772 0.387687 91.521969 26.632862 9.568017 7.081774 9.191670 47.716624 0.138849 0.000000 0.125106 4.489834 3.135965 4.155509 0.006116 0.045147 0.010363 13.635511 10.884134 7.463904 7.841591 4.438411 3.158115 3.075851 0.959076 0.848341 0.721332 14.608486 29.414274 36.095095 9.846481 6.972371 3.201714 5.745151 1.790615 0.006199 0.006199 0.006199 10.083010 3.499143 3.145186 1.325862 1.693221 0.587440 0.288910 0.000000 0.000000 0.000000 2.021065 2.013867 0.679661 0.844930 0.470073 2.681461 1.994768 1.444532 0.649762 2.002401 1.468101 0.591567 1.001592 0.309208 0.318699
 3.536374 21.335380 18.521101 0.775007 3.727531 1.803008 0.754875 0.039746 0.072954 4.477667 0.441627 0.868104 0.098008 0.166999 0.019590 5.730034 3.045736 0.137133 0.307083 3.080330 10.166101 0.706726 1.848733 1.624225 9.904139 0.233589 0.541046 0.152126 1.505595 0.424866 0.092378 0.178724 2.349144 0.505978 0.049187 9.985905 7.612587 0.296858 0.867655 3.293543 14.104504 0.735856 2.642913 2.285775 13.470081 0.385403 1.259657 0.486460 3.687023 1.815913 0.436901 0.512797 5.069763 1.709701 0.125874 5.023554 27.565720 13.683282 0.978470 0.498882 0.145484 2.324830 0.245061 0.017959 0.018523 0.003881 4.067448 0.644123 0.359607 0.110824 0.130687 0.042846 0.021280 0.017161 0.002494 0.001134 5.579896 0.838462 0.056131 0.053802 0.011120 4.433841 8.308203 0.894489 0.478303 0.136737 0.672851 9.803847 0.258535 0.111412 0.044301 0.081222 2.427928 0.576029 0.070772 0.009598 0.088857 1.499995 0.203474 0.072153 0.004984 0.020855 0.549784 0.113603 0.013067 0.005791 8.754950 2.036487 0.137438 0.120508 0.025668 4.795755 10.784354 0.916206 0.483108 0.139702 1.317238 15.042048 0.403897 0.198634 0.076102 0.347907 5.972582 2.073351 0.167662 0.030104 0.422454 4.379291 1.035270 0.191629 0.018330 0.160621 2.780044 0.804805 0.084694 0.033478 3.812281 3.194952 6.150198 0.354903 0.381515 0.894407 2.535288 0.000000 0.063577 2.744795 0.073426 0.082305 0.164208 0.156367 0.005577 2.447986 3.928829 0.246211 0.184823 1.979100 0.255970 0.248054 0.339355 0.291408 0.024143 2.981734 2.941396 2.843392 0.963527 0.632145 0.274855 1.117075 0.112906 0.004608 0.004608 0.004608 1.007158 0.445070 0.309481 0.161990 0.121702 0.048244 0.074593 0.000000 0.000000 0.000000 0.565429 0.588696 0.143538 0.223628 0.105784 0.510173 0.239977 0.159358 0.069736 0.203497 0.128806 0.059991 0.231975 0.031179 0.024854
 1.519436 7.458428 1.127210 1.780033 0.769496 0.835041 0.038984 0.138022 0.019266 0.422515 1.012474 0.240756 0.058806 0.018509 0.020599 2.420902 0.137133 0.464197 0.072196 1.428162 0.800370 1.684685 0.446687 0.146082 1.234001 0.230664 0.069947 0.457696 2.913317 0.173691 0.073652 0.065015 0.744455 0.051732 0.075223 3.971091 0.311723 0.937609 0.188213 1.469557 0.943341 1.724476 0.579241 0.369133 2.495204 0.571366 0.196252 0.833808 4.319723 0.314928 0.175681 0.196796 1.710946 0.146457 0.242116 0.862070 6.240699 5.064620 0.374473 0.089122 0.023620 0.406657 0.065518 0.006346 0.002964 0.000589 1.025877 0.220706 0.063169 0.015927 0.072627 0.011067 0.005592 0.001338 0.000767 0.000130 0.985540 0.283791 0.021568 0.007923 0.001807 0.750298 2.278688 0.312086 0.083361 0.020863 0.108764 2.240383 0.112495 0.021696 0.009883 0.029344 0.744129 0.327034 0.005247 0.002704 0.015225 0.265398 0.056848 0.006021 0.000595 0.003183 0.081606 0.030309 0.004035 0.000678 1.779295 0.803001 0.053125 0.020803 0.004405 0.791045 3.278684 0.328940 0.085591 0.021942 0.166004 3.198256 0.158937 0.031891 0.014030 0.132523 1.523088 1.058243 0.013308 0.005950 0.099613 0.937687 0.343937 0.026476 0.002557 0.025013 0.477346 0.240072 0.027625 0.004374 1.430302 0.655492 0.195635 1.874819 0.145875 0.544897 0.004195 0.000000 0.004360 0.043505 0.807690 0.048548 0.005145 0.005070 0.006414 0.580288 0.154146 1.259010 0.072199 0.144483 0.745093 0.069427 0.325426 0.015008 0.150771 0.382120 0.575025 0.804617 0.304124 0.070692 0.018947 0.159283 0.109796 0.000017 0.000017 0.000017 0.203780 0.090758 0.027483 0.007658 0.139136 0.012726 0.002555 0.000000 0.000000 0.000000 0.054422 0.079461 0.027280 0.011704 0.010251 0.065918 0.061512 0.016341 0.012365 0.072477 0.015788 0.011487 0.009855 0.007193 0.002000
 2.367559 15.006073 3.739401 0.482944 16.235539 1.074097 0.072894 0.020202 0.743016 1.052662 0.276721 3.006740 0.020841 0.389634 0.071598 3.683952 0.307083 0.072196 3.086779 1.851211 2.233211 0.427905 7.384906 0.221507 2.707633 0.064380 1.670889 0.080776 0.986187 0.088155 0.352418 1.262974 6.398059 0.632503 0.128954 7.001217 0.883086 0.170567 7.524952 2.093874 2.928285 0.452684 11.418593 0.528961 5.136892 0.149961 4.835760 0.267041 2.585239 0.374034 1.786799 1.544863 8.708398 0.916413 0.196376 1.527106 20.787139 14.476374 0.676764 0.287475 0.076655 0.819406 0.084476 0.006063 0.006568 0.001616 4.816346 0.388271 0.207541 0.051255 0.162797 0.034042 0.018661 0.005343 0.001720 0.001238 2.199907 0.347081 0.021293 0.020794 0.005060 1.399627 10.046865 0.606398 0.273706 0.069860 0.196120 10.224934 0.325269 0.080822 0.036238 0.027428 1.475809 0.646254 0.021178 0.006348 0.031975 0.876713 0.170142 0.022554 0.005318 0.008639 0.261083 0.100656 0.009270 0.006155 4.033224 1.264772 0.060901 0.052026 0.012154 1.465675 12.402358 0.640572 0.278069 0.073049 0.350849 13.332509 0.403153 0.142685 0.049036 0.116263 3.619555 1.893923 0.056480 0.014867 0.153786 2.756558 0.930513 0.070212 0.015363 0.061459 1.485717 0.769358 0.070574 0.028810 2.405526 2.056091 0.439123 0.229986 6.769071 0.588893 0.000700 0.000000 3.036646 0.051340 0.056365 2.533429 0.000121 0.759738 0.206837 1.720024 0.156463 0.095511 3.401709 0.399857 0.123263 1.518504 0.020366 0.593244 0.256544 0.824951 2.653134 2.749752 0.503506 0.377085 0.096757 0.342282 0.019266 0.000033 0.000033 0.000033 1.020065 0.155929 0.144108 0.032991 0.039639 0.015379 0.010096 0.000000 0.000000 0.000000 0.124273 0.129324 0.034407 0.037292 0.022610 0.269084 0.252541 0.072928 0.049599 0.255844 0.079362 0.053984 0.021428 0.013568 0.010879
 48.349267 126.701488 21.246662 5.073805 15.705068 26.677600 0.987853 0.540197 0.530947 7.892126 3.083644 4.575005 0.191319 0.380783 0.105855 64.842916 3.080330 1.428162 1.851211 45.534080 14.894215 4.816532 8.774416 3.522949 21.534681 0.611587 1.413598 2.331489 10.622863 0.762929 0.472094 1.725851 13.227818 1.037351 0.311814 83.235699 5.965637 2.224960 4.005362 46.795514 17.516519 4.908621 11.475419 8.639297 39.742988 1.385281 3.930272 7.940258 25.299337 2.594992 1.960262 5.218863 28.463361 2.913492 0.826880 12.052484 114.278395 82.337778 5.247389 2.536063 0.624191 5.988418 0.747300 0.050341 0.065174 0.019031 17.587306 3.327293 1.816356 0.459173 0.706420 0.221978 0.101760 0.064521 0.009807 0.005560 15.500217 3.201182 0.172335 0.169250 0.061997 10.702202 35.480889 4.691586 2.408453 0.576528 1.516813 41.564475 1.203533 0.521102 0.204233 0.225135 11.289443 3.192156 0.237916 0.036800 0.323312 7.219734 1.088845 0.277272 0.024476 0.100356 2.236181 0.545947 0.052022 0.028840 29.502657 10.555360 0.463487 0.416101 0.142484 11.288125 46.985360 4.802246 2.433611 0.589977 2.893583 61.880783 1.691202 0.934112 0.364218 0.918001 25.182800 12.376835 0.558386 0.108826 1.558094 20.694019 6.065108 0.940099 0.091841 0.684352 10.981007 4.169108 0.367301 0.191468 56.920368 13.588517 4.143105 2.950873 3.698787 28.463222 0.127276 0.000000 0.122165 1.546270 0.898068 1.422952 0.004794 0.039609 0.008747 8.752922 6.666677 4.707525 4.541484 2.436517 1.669470 1.472818 0.444673 0.358326 0.270137 6.420815 13.432428 20.645077 5.180798 3.337973 1.429961 2.538480 0.810538 0.001722 0.001722 0.001722 4.603340 1.778532 1.528575 0.607200 0.782128 0.312228 0.123171 0.000000 0.000000 0.000000 0.889501 0.871228 0.314963 0.357129 0.209383 1.134043 0.904943 0.652908 0.301109 0.883497 0.671777 0.277520 0.496349 0.159053 0.161175
 16.316399 316.101877 288.321434 12.042274 67.865652 9.168723 2.314800 0.217299 0.498256 86.932043 6.968927 16.348650 1.728483 3.862717 0.361209 30.136723 10.166101 0.800370 2.233211 14.894215 201.090984 11.063846 35.832316 4.995052 168.485949 3.851637 11.082125 0.842062 23.611855 7.529616 1.697889 1.182905 42.468811 12.176281 0.888296 68.457646 38.010703 2.368246 8.838163 15.578551 252.940792 11.529388 49.959915 7.219079 209.969537 5.788265 22.871806 2.614192 56.319118 29.891970 8.055609 2.798006 83.855640 36.529998 2.151943 59.655666 396.360835 218.460887 14.409445 9.796056 1.964751 30.046892 3.822190 0.317496 0.244050 0.066779 59.501891 9.092590 6.470501 1.444112 2.088142 0.820592 0.322250 0.212441 0.032760 0.027629 78.097910 13.319756 1.004532 0.736496 0.204008 52.729466 129.929181 13.123909 9.281610 1.824445 8.673823 133.912912 3.953487 1.984785 0.628615 1.453143 33.655360 9.391591 0.921000 0.133704 1.174998 23.948176 3.847164 0.787087 0.107602 0.356193 7.220384 1.719783 0.167638 0.144240 126.214723 32.765157 2.546112 1.932382 0.418980 56.794187 174.522989 13.617353 9.476473 1.883577 15.583479 201.190985 5.660916 3.670698 0.971017 6.090162 84.681489 34.004081 2.935012 0.418650 5.722268 65.222443 18.241410 2.152438 0.301349 2.524642 36.203070 12.147820 0.987038 0.929344 7.545469 79.107584 136.664741 6.888037 10.786447 1.558164 2.686638 0.000000 0.040151 68.629237 1.531271 2.639935 2.349789 2.553676 0.028635 6.020358 9.827066 0.647569 0.629060 14.886235 5.347632 9.172127 8.079171 10.586912 0.641359 45.778761 65.991277 55.870266 15.418276 13.370063 4.437858 18.969252 2.802687 0.098846 0.098846 0.098846 20.196953 6.426220 5.681814 2.222761 1.839489 0.764917 1.213887 0.000000 0.000000 0.000000 8.199174 7.665441 2.584483 2.715293 1.324022 7.537595 4.050000 3.560485 1.345388 4.058323 2.863825 1.167102 1.876028 0.684002 0.888183
 5.101242 100.694789 16.406619 33.157282 10.602359 2.992449 0.171986 0.407619 0.098593 5.810020 19.694554 3.168705 0.870871 0.253441 0.338731 9.686249 0.706726 1.684685 0.427905 4.816532 11.063846 31.645144 5.901639 0.546223 16.331689 3.211507 0.934718 1.228234 51.205286 2.500236 1.132970 0.288148 9.789456 0.726226 1.319780 23.222799 2.427546 6.320454 1.604996 4.928975 13.276946 32.179746 7.779673 1.240784 32.298778 8.117858 2.590882 2.092670 66.811737 4.443020 2.528801 0.754604 22.777989 2.014316 4.566529 8.671471 82.910653 62.785197 8.577853 2.643343 0.373782 4.321496 0.658872 0.100785 0.029983 0.006559 10.889930 5.729683 1.797645 0.265723 0.750673 0.190381 0.063629 0.031560 0.021981 0.002440 10.769457 2.777074 0.297639 0.103856 0.020409 7.744992 25.729419 7.921127 2.496752 0.339544 1.153037 23.075370 1.435457 0.343990 0.105748 0.418411 18.540797 3.228561 0.127104 0.077665 0.143738 5.998992 0.960146 0.130837 0.009930 0.035246 1.329255 0.344423 0.110593 0.012733 18.642053 8.171533 0.761427 0.371280 0.050752 8.196625 39.253020 8.091653 2.553346 0.353849 1.777675 35.191557 2.764429 0.549248 0.150961 1.342907 30.351916 10.406034 0.310690 0.133834 0.781178 13.567955 4.886765 0.465560 0.031603 0.264756 6.945320 2.670912 0.605084 0.082793 2.471287 9.579929 3.253155 41.717204 2.440741 0.907396 0.003246 0.000000 0.009640 1.136823 21.444758 1.026608 0.094772 0.032441 0.090930 1.164834 0.343464 3.550827 0.183487 1.831500 6.348614 1.004258 4.475809 0.336290 3.226788 4.070130 9.176152 14.469313 7.903733 3.067182 0.687410 1.602154 0.937200 0.000513 0.000513 0.000513 2.896824 2.980116 1.214006 0.300477 0.946523 0.393959 0.083085 0.000000 0.000000 0.000000 0.805947 0.911726 0.642283 0.335002 0.113893 0.921103 1.155346 0.627364 0.247643 1.010111 0.465170 0.171859 0.592328 0.307258 0.250660
