 920.242199 394.617161 335.987542 260.087165 344.226378 76.979542 62.876156 44.539737 62.157246 37.429130 28.291442 33.825567 20.795011 28.989887 21.183994 158.163383 130.011880 93.056769 128.780927 212.871542 97.045929 73.952583 87.653902 178.096345 97.821237 54.534899 75.575793 129.057263 74.051435 56.435788 55.614374 173.583376 85.674235 73.153483 55.931199 209.637437 174.212816 128.269175 175.322443 379.231818 164.544684 126.209861 149.857040 324.644629 166.619914 95.735861 131.812225 257.629661 130.992311 101.793986 102.212188 312.931851 142.698444 125.549765 98.191794 340.850732 492.512075 357.200204 420.691548 343.482162 300.423752 37.236284 30.575954 37.958209 29.979196 19.429386 44.920315 46.710171 35.618524 41.182411 38.631778 27.900125 25.124435 23.622619 23.589806 17.415335 96.137484 77.679017 94.613429 76.808286 50.745453 97.956464 116.213969 120.048394 91.652196 106.676719 80.469483 118.997823 102.305736 71.856342 67.426265 95.578130 116.432190 94.416397 62.540344 58.533836 75.012811 92.921350 72.411562 62.541719 46.973749 50.761463 101.858808 64.348639 63.045149 46.128977 163.142935 128.098897 155.592396 129.855259 86.348791 166.790002 192.644430 196.805401 153.611740 173.069006 137.335106 207.515352 169.696945 119.698873 115.229121 146.479612 183.573082 144.607391 105.130747 99.195248 119.566383 160.040306 118.660294 111.743430 84.953007 91.107353 170.137951 109.600918 118.376058 84.701617 298.894936 49.891293 47.376343 40.401583 47.954745 93.143019 90.922304 77.372266 88.747146 3.606960 3.149561 3.775542 2.486723 3.726423 2.989341 35.622846 35.677177 35.652133 35.650182 12.378202 9.439335 11.501247 9.245084 11.745917 9.688901 86.440392 98.343310 70.260658 107.038649 104.670778 79.627033 28.283829 25.108283 39.207003 32.040499 21.120477 25.770342 32.082334 29.006998 28.854194 29.127269 22.063502 17.731634 18.517534 24.588887 20.326161 18.125840 17.885509 20.317151 18.870517 16.483165 15.756918 17.441157 17.308901 17.091842 17.865336 16.135572 13.606136 16.100151 15.636132 15.287153
 394.617161 1124.640045 421.203728 338.913242 444.887409 81.147829 34.879755 22.985642 34.245673 86.970615 70.465972 85.471782 28.731599 36.132113 28.328543 217.993820 90.015764 62.011985 88.344624 172.315884 184.458172 152.248942 180.908910 92.957205 240.700787 74.395460 94.314565 62.637086 193.220246 77.877516 74.028852 88.004095 226.363993 90.085386 74.352430 381.532528 151.944016 112.572126 153.072973 237.226184 256.834881 208.787142 247.982321 161.043445 429.070901 129.065842 164.030955 119.166125 352.873080 135.998525 134.613888 147.345566 387.428309 153.179971 128.754043 448.549790 563.110818 525.171035 417.111563 370.840662 399.477698 43.975680 36.680190 31.723681 28.765362 22.900840 57.044971 47.925693 39.538580 48.734754 42.648852 31.954072 38.065738 25.587147 25.720281 20.382397 110.253612 92.340165 81.023953 71.788362 60.046856 112.627750 152.533342 124.733722 102.317851 124.329735 94.943032 143.931452 108.945711 80.615541 98.258781 81.437773 121.940004 107.379537 66.529122 67.482602 74.812529 99.549371 83.844680 67.050310 55.424561 59.357198 119.162783 95.799717 66.196754 53.359932 186.772041 157.083511 139.607186 122.708766 106.509277 187.000192 265.936608 211.211433 169.771847 203.619835 161.047254 240.438979 177.070444 132.035224 163.257858 136.878258 200.420709 177.191367 111.654762 119.864875 128.533872 170.084789 143.773448 120.250237 101.840624 107.767272 195.544397 159.214655 123.177548 95.533665 64.414522 298.884899 65.492090 64.801169 63.553257 93.511551 5.666702 4.017751 4.871047 93.800992 92.127000 94.418956 5.622259 4.993585 4.933570 35.732176 15.071957 13.243509 14.015068 35.723689 35.720224 35.702927 16.046858 14.264208 14.950727 154.837333 117.121401 137.299016 95.044768 120.531366 123.305008 44.327317 37.328528 29.276816 30.857216 27.035905 37.250393 33.276300 34.255158 39.306551 36.488667 31.838089 42.681395 24.270065 24.582721 20.676784 20.887814 21.700850 17.133323 18.859827 21.127151 21.321457 18.168888 18.140776 20.141755 18.999880 18.987277 22.517978 16.330601 18.009913 18.762610
 335.987542 421.203728 978.919283 282.538807 366.504130 36.666546 62.744657 19.452398 28.532828 83.160150 32.366193 37.016328 52.642461 67.922703 21.813605 93.464457 173.054647 51.807531 74.478885 94.863369 233.283832 85.096186 94.931572 133.864054 174.174255 109.346705 141.793540 53.512243 84.395240 148.639686 56.935030 73.960393 93.703601 182.211858 57.443626 155.208055 311.779507 92.933485 129.237202 159.239723 424.200480 141.427876 160.271784 184.699422 237.133685 149.610028 192.806601 102.283970 145.663353 272.365266 104.356324 127.510519 156.785657 326.495551 102.400102 322.251095 486.303797 384.509414 449.043733 382.485626 360.559798 35.195235 26.763321 29.482321 27.465122 20.399851 45.700932 47.260087 43.891612 38.827719 35.702709 31.855508 30.182613 33.958647 25.905373 21.165034 89.827978 67.625851 76.351128 72.447230 55.976468 91.673224 119.295195 122.421965 115.888816 103.960819 71.213669 117.671843 93.423121 84.570010 79.874497 73.257026 118.239897 88.878054 85.374656 65.903543 67.238811 105.103215 79.076834 83.736044 55.260204 49.678541 93.530303 73.854699 64.275056 55.845058 156.308658 118.287396 133.291274 129.755696 102.409959 152.408739 201.966041 206.178671 193.337338 178.725646 122.890916 202.064894 161.349940 145.934570 135.118755 118.567925 193.413605 143.605589 138.115861 113.649715 108.670001 172.687011 127.235964 139.857054 98.814512 88.322239 159.994552 124.250463 119.586189 103.603307 51.114751 55.651400 298.892597 47.765256 51.321369 4.697183 90.071610 2.743455 4.516629 93.507990 4.177776 3.362090 85.997983 94.196161 2.485481 13.429506 35.624026 10.422317 11.412056 35.630685 13.141420 11.986840 35.676861 35.663749 9.094463 87.942133 86.566533 81.920951 112.138170 104.110167 97.881795 29.271929 24.181831 26.256729 25.801845 24.188334 29.581227 35.621665 42.545679 28.491090 30.554491 34.907150 27.614281 42.829153 29.506208 23.905445 17.161626 15.009585 15.050181 16.178642 16.772796 16.470790 17.424802 20.124690 15.956740 15.937268 19.422433 16.654239 20.849675 15.180601 18.558951
 260.087165 338.913242 282.538807 803.519568 296.143286 27.308989 22.113646 42.714286 22.604598 32.014442 66.697582 30.276756 49.142595 22.781049 50.848336 70.015240 57.241047 122.981213 59.244837 71.084163 83.325847 189.481818 78.515065 58.702000 83.542432 137.882083 59.260783 88.311253 135.351767 102.714600 103.817131 58.855077 77.179965 57.852939 143.538358 119.517333 98.285878 232.710464 103.134938 122.194735 140.280445 335.847564 131.717742 101.816522 141.497681 259.015518 103.843598 122.803076 179.655387 137.591194 140.522698 101.354563 130.031647 101.941298 267.120204 268.997174 425.094246 390.936691 364.476187 254.497467 277.200339 25.757618 26.840205 25.883013 20.674861 13.457838 49.462117 37.793429 29.315670 34.585338 33.535348 23.727364 21.432730 22.423280 24.316335 16.181133 68.293356 71.672198 68.529051 53.692345 35.915914 67.451468 127.122861 99.140239 76.522028 89.248228 66.391419 120.091215 86.106853 57.945372 57.084625 62.395589 95.906647 85.098997 57.621804 60.301537 51.617851 74.892840 63.554685 58.123467 42.495408 37.337915 85.616080 57.406253 61.113148 42.214236 125.773343 129.128633 119.143858 92.711458 68.758845 117.835195 210.776438 169.567202 127.389952 148.006794 111.230723 192.525698 142.687503 92.354493 100.597435 96.967587 153.669042 138.004915 91.756763 97.226385 87.265247 128.959484 113.201684 102.055258 75.969616 72.383637 144.227770 109.299342 107.743244 73.140371 33.955783 42.724248 36.923794 298.912667 37.292990 2.687290 2.515403 78.772021 2.456236 3.521800 92.861750 2.765818 81.084981 1.705802 86.436047 8.550134 7.673232 35.609540 8.287669 10.289950 35.657239 10.197212 35.642090 7.669143 35.632934 62.503835 82.667737 82.061538 86.879694 66.659340 79.110255 18.832030 24.255506 23.751574 17.762054 11.710614 34.041669 22.118359 18.477281 26.129045 29.246298 21.210658 15.283953 20.278913 26.694648 17.355443 11.098519 12.400876 12.427662 11.196227 10.761151 14.928977 14.003105 13.088009 13.058733 15.012356 13.082787 11.188948 14.639830 14.435613 13.023069
 344.226378 444.887409 366.504130 296.143286 1019.661172 37.096757 29.437290 20.043419 63.943133 39.969544 33.526725 82.770474 22.622598 69.981944 54.020760 94.108297 76.332456 54.095204 177.902033 95.751488 102.210760 86.970860 225.414826 78.689703 103.886626 58.155885 192.836148 54.339196 87.447458 60.757538 149.852448 134.503034 170.701816 142.030579 113.306420 157.819425 130.086156 97.288570 322.871024 162.357045 173.587004 143.909993 395.928452 138.463528 177.570968 102.379005 347.197142 103.875368 153.081891 108.091098 284.669543 183.041905 228.257586 191.138755 155.013758 380.003619 499.062476 489.128926 390.987211 344.167142 368.072994 36.479403 32.097812 35.679242 29.425644 19.689544 44.970869 47.617067 32.766962 40.385798 35.205098 26.997766 34.068585 24.316532 30.066645 17.351175 89.522351 83.119534 88.280527 77.195246 53.414214 97.892592 122.584979 119.643455 89.933129 106.252148 82.785414 111.570762 89.397191 67.789461 85.835600 89.789071 120.812946 91.985310 65.740924 73.495437 72.515286 80.627867 73.899170 60.777268 46.141550 52.138757 100.649529 87.975346 75.561533 47.682572 150.847895 146.620085 141.883201 133.409921 98.275055 168.565562 220.450076 195.385981 155.480789 183.105350 143.494070 189.680675 147.530503 117.504423 140.248995 142.175196 192.172384 158.519296 111.019178 120.207785 122.036696 141.773163 135.973705 106.442196 85.816306 98.249074 170.260189 152.300475 127.022859 89.042281 50.620002 51.848160 50.315182 47.119322 298.877639 3.460956 3.323983 3.094503 88.908941 3.562261 4.183914 94.677590 2.308050 93.878028 87.155557 11.665338 10.953609 10.072500 35.635025 10.977474 11.041782 35.611774 8.389107 35.656984 35.632975 107.276300 114.301016 127.457837 97.898725 103.028351 119.075902 32.084893 34.725844 32.307878 35.538384 23.944667 28.956378 34.101336 27.314890 31.619123 28.183272 27.980602 40.688740 24.504340 34.227537 15.736170 16.726201 17.003180 19.071683 18.894788 18.455736 15.521859 16.962047 15.337625 17.750932 16.185159 15.971931 20.032699 16.079743 20.337741 17.168220
 76.979542 81.147829 36.666546 27.308989 37.096757 17.606694 5.560982 3.462977 5.217521 6.299749 4.460631 5.541940 2.258622 3.039126 2.172437 39.264376 12.758542 8.223365 11.920903 40.099826 14.680463 10.543569 12.955156 16.105653 17.886276 6.033854 8.037008 10.214657 12.641463 6.270839 5.829451 14.501942 14.946953 7.748200 5.784755 51.204656 17.970796 12.333437 17.258172 53.563324 21.522213 15.675171 19.218451 30.079754 32.882437 10.563272 14.001695 20.925059 24.468306 11.368292 10.883609 25.933962 26.377217 13.297976 10.104306 42.679386 55.946204 45.232453 43.390940 37.325275 34.625404 5.254549 3.954757 3.570319 2.833331 2.547768 5.314247 4.674880 3.726158 4.563777 3.858437 3.226217 3.282768 2.216641 2.454195 1.804863 12.894813 10.090178 9.126482 7.077193 6.590579 13.321428 14.380616 12.014654 9.439809 11.799516 10.054389 13.535712 10.097697 7.972869 8.621659 8.747185 11.731756 9.622910 5.791365 6.024642 7.469296 9.669430 8.409854 5.734178 5.143424 6.557445 11.261529 8.334557 6.699979 4.679690 20.723213 16.347449 15.357256 11.984659 11.053657 21.203997 24.920019 20.024620 15.518434 19.329942 16.451540 23.245434 17.134060 12.859154 14.479698 14.111722 19.078166 16.005314 9.800178 10.719855 12.777113 16.943369 14.161397 10.552561 9.603966 11.423859 18.945786 13.941137 12.820215 8.376867 22.232825 16.659802 4.595250 3.402334 3.708209 29.532955 2.393305 1.730290 2.160474 1.587921 1.537329 1.710064 0.043192 0.054906 0.043901 9.000833 3.858063 3.131200 3.477957 3.139618 2.310013 2.745303 0.845833 0.825100 0.671955 12.545732 11.112223 9.173291 9.959481 12.688918 8.657337 5.852632 3.578479 3.232503 2.320855 3.229387 3.341945 3.132402 3.127534 3.225222 2.907939 3.294503 2.888911 1.552614 2.900327 1.459834 2.426055 2.571130 1.620982 1.766245 2.439236 1.982217 1.566539 1.696570 1.900549 1.689986 1.773922 1.981243 1.088191 1.633908 1.482188
 62.876156 34.879755 62.744657 22.113646 29.437290 5.560982 13.554223 2.891742 4.201903 5.624802 2.508380 2.893949 3.084948 4.220164 1.726535 12.689763 30.506159 6.748012 9.683508 15.626119 15.907835 6.664641 7.601340 31.184460 13.153139 7.306760 9.866050 8.710549 6.686453 8.947272 4.651692 11.885821 7.508470 11.604996 4.655677 17.663365 40.054542 9.991093 14.001061 27.802956 28.790277 11.171274 13.032085 41.762546 18.935532 10.828596 14.475716 18.105949 11.810730 17.462898 8.638909 22.116648 12.778374 21.953254 8.340952 29.651465 43.628975 34.557494 41.862314 33.869733 28.481526 3.532605 2.508479 3.331631 2.577359 2.055368 4.224825 4.532837 3.583382 3.492007 3.711223 3.110664 2.560959 2.535572 2.263908 1.730002 9.148994 6.554362 8.572716 6.984383 5.381554 9.199628 11.258596 11.905382 9.842912 9.253880 6.742167 10.981321 9.653841 7.775084 6.783871 8.276534 11.290189 9.282053 6.736473 5.764229 6.257702 8.731394 8.017716 6.485499 4.478080 5.155077 8.557118 6.455892 5.763777 4.708032 15.643559 11.223012 14.527049 12.326595 8.981898 15.099016 18.980613 19.883077 16.854076 15.501886 11.706206 18.969106 16.149276 12.826022 11.436801 12.750478 17.805028 14.385064 11.278659 9.848705 10.067759 14.914063 12.794937 11.486019 7.888605 8.977636 14.700709 10.949913 10.978998 8.593407 17.226973 3.819051 15.349458 2.776088 3.235133 1.938106 28.217159 1.325415 1.868983 1.600968 0.042908 0.036196 1.138972 1.507656 0.026109 3.465521 8.985367 2.614337 2.854129 3.025137 0.712128 0.705837 2.240471 2.825579 0.601041 6.676024 6.934645 6.664822 10.104117 9.088553 6.457328 2.476555 1.442466 3.043420 2.118485 2.020094 2.182267 3.149980 2.571971 2.267740 2.782933 3.098469 1.848942 2.308320 2.202264 1.415136 1.590285 1.370559 1.721003 1.595816 1.573810 1.486994 1.645091 1.629439 1.305206 1.678388 1.842852 1.308091 1.625107 1.224780 1.460831
 44.539737 22.985642 19.452398 42.714286 20.043419 3.462977 2.891742 9.416054 2.884181 2.173162 3.403354 1.936540 2.543869 1.583923 2.701554 7.984056 6.626050 21.424620 6.710001 9.896835 5.737138 9.868302 5.121681 8.466119 5.826853 7.316523 4.235844 21.256116 7.814597 6.044418 6.157666 8.309710 5.049857 4.138351 7.918157 11.334726 9.456330 28.180898 9.683418 19.173452 9.730863 18.795678 8.845106 15.938237 9.894383 14.129050 7.440898 28.220332 11.186997 8.749852 8.894520 15.894434 8.565016 7.321993 15.498464 17.847779 33.047517 27.292893 28.824447 21.553118 21.169729 1.978567 1.879952 2.223596 1.607748 1.023287 3.300009 3.190794 2.214887 2.568488 2.694608 1.657897 1.751141 1.646247 1.827612 1.325053 5.408738 4.983433 6.106428 4.436863 2.777815 5.049743 8.524175 8.189670 6.000378 6.745992 4.662089 8.476855 7.135387 4.389991 4.623139 5.136979 7.991002 6.610374 4.390748 4.670606 3.740819 5.678877 4.372156 4.269364 3.393297 2.682626 6.358116 4.634414 4.773529 3.416739 9.920675 8.658697 10.761207 7.835018 5.125480 8.392208 14.283818 13.382462 10.238703 11.449801 7.550402 14.474912 11.939481 7.758191 8.202833 7.381953 12.605107 10.335627 7.422458 7.824758 5.890220 10.069814 7.579804 7.760040 6.099674 4.935749 10.871426 8.333357 8.811749 5.813297 10.803217 2.167257 2.090084 12.871256 2.300607 1.088596 1.184147 23.312156 1.171711 0.034876 1.248763 0.027100 1.060764 0.021751 1.383651 1.914495 1.823864 8.970999 1.987631 0.554358 2.177764 0.472409 2.113646 0.504703 2.273478 3.657652 6.051023 4.525903 6.010930 5.457634 4.839286 1.137419 1.490959 2.038257 1.304605 0.637985 1.689293 1.973480 1.371643 1.526810 1.859767 1.068451 1.312971 1.313975 1.654271 1.576304 0.799416 0.806469 1.004429 0.799605 0.631565 0.941149 1.049862 0.963517 0.916840 1.071396 0.875555 0.782630 0.997785 1.072217 0.965149
 62.157246 34.245673 28.532828 22.604598 63.943133 5.217521 4.201903 2.884181 13.480713 3.069558 2.455729 5.008941 1.785268 4.351007 3.176372 11.875484 9.674610 6.864551 30.544726 14.797888 8.046037 6.459501 14.226595 12.304060 8.170448 4.707672 12.551165 8.561130 6.577809 4.888356 8.902444 30.785107 11.469440 9.772050 7.550337 16.728732 13.821621 10.224421 40.586087 27.332528 13.837020 10.972057 26.412276 23.740569 14.117205 8.251655 24.150321 17.653680 11.668380 8.690409 17.644060 40.686618 16.324124 14.036757 11.040068 29.798942 47.926600 34.091223 38.023887 28.464350 33.178476 2.973239 2.752226 3.740276 2.181647 2.063285 3.944309 4.292233 3.030819 3.956920 3.459722 2.197637 2.505251 1.860280 2.731584 1.773063 7.792797 6.956326 9.280258 5.741621 5.354474 7.990887 10.408500 11.095102 7.953193 10.220759 7.231502 10.422912 8.936154 5.660411 6.625924 9.028158 10.690953 8.715616 4.881987 6.686580 5.644754 7.906592 6.086440 5.151202 4.905085 5.358642 10.165181 6.680323 6.915204 4.549641 13.961893 11.557772 14.672755 10.071044 9.289363 13.867070 17.820371 18.256041 13.095352 17.390658 12.108052 18.611676 14.778427 9.690789 11.516048 13.109561 17.197334 13.585091 8.075961 10.837877 9.566242 14.264485 11.012207 9.546659 9.027716 9.029257 17.040966 11.563294 11.749922 7.845175 16.510714 3.088373 3.127691 2.684791 15.461521 1.499173 1.456491 1.298000 27.469227 0.035463 0.034333 1.627419 0.029096 1.772333 1.247829 2.884885 2.625824 2.556754 8.969881 0.647964 0.555571 2.891493 0.529974 3.028165 2.372441 6.777922 10.925226 5.995163 9.320693 8.838871 9.870653 1.530781 2.219399 3.358464 1.656601 2.347045 2.117197 2.518316 2.616288 2.897668 2.490748 1.659802 1.879303 0.928695 2.751129 2.025629 1.282665 1.390656 1.861816 1.370444 1.746034 1.309389 1.454313 1.448133 1.662655 1.494077 1.265779 1.351876 1.187700 1.914936 1.612005
 37.429130 86.970615 83.160150 32.014442 39.969544 6.299749 5.624802 2.173162 3.069558 18.203837 5.469680 6.055637 4.796507 5.596137 2.467479 17.218747 15.676321 5.900291 8.101152 14.701057 41.913323 12.982689 14.041843 13.281311 41.603429 11.105859 12.961134 6.096979 15.493701 13.879189 6.569903 8.043021 16.492169 15.305311 6.589007 30.490428 28.296679 10.636264 14.098293 21.408905 57.403901 18.807899 20.666768 19.385519 55.954711 16.052292 19.032463 11.649041 28.600439 25.668624 12.029589 13.809224 29.501170 28.405199 11.700429 42.847141 56.254146 50.977735 48.277849 36.856185 44.330821 4.197362 3.663908 3.447974 2.871186 2.450918 5.822589 5.195895 4.156345 4.839159 4.384309 3.540891 4.126518 2.877383 3.070566 2.398427 10.514852 9.260707 8.857640 7.235518 6.489968 10.983509 15.548038 13.526858 11.088443 12.568120 9.521743 14.533607 11.191948 9.074781 10.774138 8.649063 13.122895 11.190189 7.350712 7.930533 7.321937 10.268331 9.166773 7.557779 6.598575 6.147739 11.690847 10.173571 7.549609 5.960672 18.028949 16.134449 15.291973 12.479721 11.773899 18.206413 26.908167 23.071879 18.493365 20.858258 16.031542 24.061781 18.587793 14.984148 17.885902 14.281150 21.256824 18.846721 12.185070 13.741877 12.443154 17.748701 15.496116 13.873514 12.183123 10.880978 19.449266 17.074946 13.761001 10.500239 4.913573 18.775282 22.105150 5.061997 3.956482 2.208449 2.556526 0.048449 0.078148 29.487991 1.979228 1.550490 2.474915 2.355658 0.046178 3.403437 3.798361 0.978900 0.845063 9.010128 3.329144 2.954988 4.158204 3.637604 0.865694 13.557555 10.607998 10.684910 11.589457 9.901069 12.695339 3.338988 3.612649 3.168337 2.689714 2.667468 3.627154 3.740951 3.285365 3.413696 3.792832 3.985344 4.243003 3.170357 3.279825 2.665688 2.009900 2.061564 1.748383 1.552051 2.015725 2.089758 1.929417 1.873916 1.914334 1.974529 2.100165 2.382603 1.801609 1.873755 1.918435
 28.291442 70.465972 32.366193 66.697582 33.526725 4.460631 2.508380 3.403354 2.455729 5.469680 15.431590 5.222250 4.580111 2.559872 4.480207 12.417994 6.631035 10.060479 6.467065 10.560425 12.983377 36.094655 12.407431 6.753946 15.327946 13.003239 6.842422 7.976920 34.211414 10.718637 10.165632 6.443632 14.239569 6.603069 13.091239 23.205839 11.418288 19.797104 11.294035 15.827288 19.104505 48.313497 18.055266 11.591323 27.675036 24.150952 12.166033 12.008178 44.708122 15.165096 14.680826 10.895168 25.650102 11.615463 24.837484 32.695750 49.512251 42.678176 42.543396 26.749565 37.168777 3.285121 2.641371 2.747255 2.266029 1.985342 4.989969 4.346118 3.103535 4.666853 3.720652 2.314373 2.830404 2.366905 3.207326 2.122291 8.598399 6.613433 6.997637 5.893413 5.088481 8.358977 12.319902 11.352890 8.052106 12.052540 7.001869 12.954996 9.924716 5.875786 7.832401 6.969337 11.031296 8.887991 6.036113 7.922993 5.767031 8.230254 6.179064 6.344989 5.546783 5.277112 11.114668 6.979819 7.858778 5.500866 15.408678 11.848868 12.237662 10.147569 9.355794 13.966058 20.221687 19.536640 13.398122 19.892274 12.619183 21.526533 16.604917 9.710072 14.014118 11.555725 17.608266 13.844962 9.599096 12.981540 9.840061 14.390593 10.900575 11.449214 9.991804 9.380738 17.659934 11.956090 13.391037 9.025921 2.960939 13.920963 3.915605 22.609678 3.602408 1.276092 0.050463 1.834238 0.034333 1.597643 28.950760 1.206524 2.449732 0.036311 2.407574 2.170851 0.721189 3.241165 0.631263 2.629928 9.002021 2.623078 4.128773 0.735695 3.907172 7.478434 9.771387 11.287902 9.977758 6.142064 10.055555 2.721252 2.354373 2.335836 1.936527 2.500242 3.003080 2.450084 1.508594 3.620835 3.112656 1.753664 2.440490 1.714467 3.779208 2.316314 1.411885 1.248491 1.214819 1.316692 1.714685 1.568321 1.527092 1.388409 1.700687 1.489818 1.207665 1.473446 1.488095 1.837964 1.854722
 33.825567 85.471782 37.016328 30.276756 82.770474 5.541940 2.893949 1.936540 5.008941 6.055637 5.222250 18.534571 2.324428 5.393008 4.243308 15.214415 7.571053 5.270619 14.012822 12.900314 14.117852 12.409860 41.959515 7.825873 16.837239 6.174218 15.065795 5.355247 14.495788 6.360577 12.199989 11.575436 41.063215 12.151964 9.981235 27.820171 12.955097 9.711476 26.058116 18.973866 21.081614 17.894061 55.727236 13.761934 30.923390 11.035825 27.961189 10.245337 26.879930 11.373051 23.936251 16.549316 53.272352 17.494722 14.622993 42.273837 51.523436 60.582770 42.196838 36.157228 36.626797 3.955153 3.448570 3.560784 2.683778 1.964654 5.162291 5.001374 3.652259 4.985073 4.087816 3.127035 3.616740 2.812033 2.775397 1.772805 9.912436 8.917941 8.890150 6.976555 5.538286 10.145643 14.016114 12.936972 9.715590 12.515948 8.776859 12.719166 10.459122 7.751298 9.087018 8.994533 12.320786 10.289417 7.235201 7.130047 6.748364 8.889072 8.308394 7.187183 4.828127 5.055361 12.148191 9.587095 6.982114 4.759092 16.666741 15.981777 14.745304 12.138699 10.445729 17.006746 25.471897 21.556250 16.646801 20.382752 14.706692 21.423755 17.166528 12.818025 15.181823 14.400019 19.494365 17.347174 12.145534 12.207144 11.504356 15.222595 15.105917 12.751195 9.094648 9.643662 19.338499 17.188439 12.595188 9.063551 3.882415 17.422968 3.584273 4.219936 21.614475 1.534366 0.059208 0.052254 2.117675 1.590223 1.760264 30.097739 0.051134 2.050918 1.940689 2.747219 0.716477 0.689874 3.463614 2.536810 2.679704 8.981494 0.740802 3.487491 3.845257 14.745467 9.266819 18.961905 9.518332 10.591318 9.685829 3.201738 3.475391 3.791366 2.779760 2.162161 3.496039 3.159205 2.892970 4.239315 3.340776 3.741229 4.435049 3.478271 2.746643 1.481096 1.730480 1.791748 1.788409 1.594175 1.607302 1.708225 1.780875 1.468911 2.000469 1.758308 1.798169 2.168272 1.726275 1.857580 1.523752
 20.795011 28.731599 52.642461 49.142595 22.622598 2.258622 3.084948 2.543869 1.785268 4.796507 4.580111 2.324428 11.338455 3.047695 2.860765 5.920381 8.737244 7.464905 4.765753 5.995807 13.691747 13.177849 6.123112 7.370382 11.194399 25.394561 7.186119 6.098734 10.553955 25.927403 6.581331 4.706397 6.064495 8.445408 8.259463 10.144480 16.445390 14.518421 8.291560 10.169411 24.664563 23.363099 10.300348 10.825344 15.914532 33.270461 10.658183 9.192328 14.743220 33.721584 9.577521 8.145245 10.475814 16.639199 16.520992 19.595800 40.238562 27.339924 31.139050 22.188800 33.432130 2.553752 1.629199 1.852195 1.390771 1.366463 4.280199 3.421623 2.585075 3.843620 2.537692 1.761210 2.192186 1.736461 2.798618 1.792615 6.597264 4.088877 5.049734 3.806593 4.012453 6.326839 10.274224 8.883459 6.852859 10.059868 4.396428 10.792282 6.647905 4.595122 6.099995 4.486792 8.560203 6.293151 4.535513 6.882268 3.533682 6.611133 4.476883 4.554965 4.643959 3.271339 8.905366 5.288529 6.523115 4.375482 12.036583 7.456110 9.221657 7.466870 8.356601 9.900226 15.741181 14.670556 11.754014 16.923953 7.581622 17.510742 11.338665 7.779107 10.923727 7.217758 14.217587 10.088589 7.673851 11.245508 5.934757 11.919496 7.657373 8.403306 8.286494 5.713124 14.427058 9.131264 10.269415 7.171083 2.336028 3.336379 12.432649 15.600710 2.040005 0.050551 1.038245 1.090450 0.040263 1.497129 1.698462 0.029911 25.530948 0.811761 1.181649 0.640449 1.916197 2.489411 0.502181 2.602719 3.326038 0.578031 8.985407 1.824008 2.137462 3.958168 6.791946 5.148782 6.307047 4.965622 9.275764 1.990826 1.195140 1.245873 0.854560 1.322017 3.044820 1.974341 2.001253 2.928130 1.770473 1.373531 1.573668 1.620321 3.439733 2.008314 0.932666 0.710853 0.796199 0.678836 1.016823 1.160747 1.127864 1.012406 1.254611 0.982024 0.820527 1.094919 1.005897 1.383210 1.449312
 28.989887 36.132113 67.922703 22.781049 69.981944 3.039126 4.220164 1.583923 4.351007 5.596137 2.559872 5.393008 3.047695 15.619041 3.068571 7.819042 11.871296 4.284239 12.432903 8.005005 15.782658 6.776087 15.131832 10.053574 12.943716 7.095053 35.042834 4.418326 6.774231 8.751716 8.558870 9.964852 12.237808 34.315654 7.257368 13.110039 22.033279 7.686079 23.135470 13.713291 29.406003 11.254124 27.988942 14.910685 18.725269 10.568834 45.874742 8.642259 11.957140 17.117937 17.294810 14.394631 17.504917 44.537833 10.836191 33.012711 43.769930 40.298583 36.020433 36.434461 36.271577 3.683615 2.728687 3.005784 2.723400 2.213516 4.202338 4.237976 4.052805 3.724868 3.115521 3.235297 3.452467 2.857101 2.529126 2.496886 9.058135 7.098682 7.490662 7.393077 6.321964 9.793626 11.455187 10.885801 10.968091 10.091889 7.278217 10.658386 8.152006 8.189506 9.106886 7.627938 10.730336 8.020803 7.711106 6.339527 6.978308 9.727718 8.468043 6.794163 6.419320 5.513561 9.249902 8.562105 6.324321 6.778516 15.030733 12.811020 12.057502 13.355398 11.362504 16.280556 20.317628 18.205685 18.553142 17.580960 12.721881 18.061686 13.717657 13.682115 14.869336 12.254595 17.128076 13.761496 12.804217 10.922127 11.662277 15.722168 13.913467 11.159637 10.813061 9.887289 15.695765 14.227979 10.924103 12.099752 3.354959 3.126028 16.881035 2.317548 17.772150 0.038556 1.483343 0.041447 2.111208 1.550549 0.050448 1.434201 1.075463 29.847595 1.000635 0.675189 2.581287 0.553141 2.897144 2.642743 0.581454 2.928703 1.918129 8.996419 2.079450 8.065359 7.204587 7.950912 7.776573 9.737842 10.390115 3.171301 2.320428 2.275520 2.276146 2.351067 2.401954 2.537471 3.564364 1.953340 2.240424 3.590321 3.428707 3.177914 2.764470 2.667322 1.728581 1.484761 1.429868 1.944484 2.121645 1.383610 1.367963 1.984794 1.633562 1.264207 1.878507 2.055870 1.758691 1.432905 2.553291
 21.183994 28.328543 21.813605 50.848336 54.020760 2.172437 1.726535 2.701554 3.176372 2.467479 4.480207 4.243308 2.860765 3.068571 11.613278 5.656139 4.566181 8.031096 8.994316 5.784056 6.421599 12.796397 11.972673 4.692812 6.662522 8.134361 8.655127 6.300162 10.170314 6.748441 25.881360 7.512913 9.825788 7.054904 26.304486 9.734798 7.828348 15.553499 16.839931 10.032808 10.784970 23.021342 21.950853 8.245328 11.549774 15.599702 16.408147 9.389961 14.324948 9.659658 33.729690 10.909164 14.072502 10.434547 34.696310 27.417742 34.747429 33.748034 33.193509 18.045305 29.043222 2.376389 2.228197 2.703406 1.686123 1.152123 3.633751 3.721182 1.990898 2.839935 3.143709 1.683736 2.119633 1.730790 2.514122 1.347792 5.862851 6.077174 6.796553 4.133446 3.310699 6.518184 9.539015 9.695273 5.408703 7.683322 5.530415 8.808952 7.965273 3.994585 5.640189 6.464788 9.094619 7.766239 4.614057 6.025739 4.675355 5.350177 4.832483 4.534717 3.584751 3.075812 6.986158 5.393931 6.326788 3.555006 10.018520 11.102448 11.354859 6.853594 6.792659 11.844213 16.338796 16.355081 9.076213 13.411453 9.863928 14.088511 12.980916 6.494260 9.705290 9.903187 13.594009 12.305396 7.360536 9.557887 8.541564 9.588913 9.300060 8.359578 6.713415 6.188789 11.859435 10.015883 10.593993 5.913958 2.306660 2.722153 1.831270 15.668582 11.932187 0.021365 0.034297 1.418001 1.002146 0.032373 1.910123 1.266796 0.971604 0.701601 26.924081 0.501848 0.439089 2.562814 1.950437 0.519718 2.765854 2.453548 2.039230 1.768019 8.969512 6.127041 7.023595 6.891917 7.291264 3.701356 9.516913 1.749255 2.517540 2.648464 1.757365 1.103117 2.014253 2.110473 0.659195 1.833254 2.944623 1.068885 1.908527 1.220474 2.489582 1.262410 0.970748 1.099306 1.144083 0.951149 0.904783 1.008858 1.160548 0.804787 1.030505 1.202155 0.774642 1.007681 1.000617 1.476353 1.106215
 158.163383 217.993820 93.464457 70.015240 94.108297 39.264376 12.689763 7.984056 11.875484 17.218747 12.417994 15.214415 5.920381 7.819042 5.656139 95.806984 31.041413 20.301911 28.893947 83.996740 38.899518 28.398374 34.431881 35.518421 49.163261 15.795739 20.690943 22.808647 35.603908 16.446578 15.151876 31.899484 41.521753 19.946162 15.056948 133.591983 45.519061 31.714945 43.529598 109.256579 55.844506 41.128971 49.923286 64.136121 89.985559 27.502097 35.896288 45.079650 68.679738 29.511666 27.985415 55.162740 73.309434 34.207058 26.213578 101.739294 136.492029 114.058634 103.480164 91.041393 86.933683 12.171332 9.220964 8.040407 6.694484 6.054591 13.380812 11.205787 9.075732 11.276208 9.517183 7.850118 8.269258 5.565804 5.946730 4.360740 29.781320 23.571175 20.574728 16.633898 15.624357 31.100024 36.176338 28.877120 23.160249 29.016970 23.528339 33.599669 24.507320 19.343432 21.540651 20.010393 28.319425 23.922734 14.364267 14.869643 17.681333 23.363584 20.473207 14.310637 12.518163 15.643283 27.715880 20.997530 15.946411 11.267128 48.515078 39.075277 35.060429 28.243738 26.613393 49.953170 62.789255 48.502836 38.104351 47.742038 38.999040 57.175797 41.194466 31.196397 36.303227 33.065050 46.533126 40.182721 24.010371 26.598410 30.461144 41.011865 34.822751 26.008711 23.582610 27.377740 46.584359 35.353838 30.359293 20.194707 46.479081 44.423927 12.750681 10.028896 10.521118 64.562450 4.458998 3.131016 3.913987 7.027830 6.795472 7.444483 0.204943 0.256807 0.208575 21.783308 9.353858 7.835186 8.449785 8.832397 6.848673 7.877482 2.615815 2.453080 2.084110 29.480524 26.481360 23.228936 23.629901 31.134765 22.317635 13.319337 8.402725 6.929963 5.679624 7.622088 8.795758 7.585593 7.613149 8.345112 7.386511 8.173697 7.706049 4.198622 6.631529 3.376521 5.526214 5.789561 3.631116 4.068644 5.704942 4.915663 3.790968 4.069178 4.580645 3.987178 4.251456 4.902000 2.762401 3.834713 3.549161
 130.011880 90.015764 173.054647 57.241047 76.332456 12.758542 30.506159 6.626050 9.674610 15.676321 6.631035 7.571053 8.737244 11.871296 4.566181 31.041413 75.605189 16.634041 23.915792 34.662061 44.704507 17.560070 19.917978 65.720908 35.453819 19.957798 26.935079 19.203096 17.693686 25.469734 12.252766 26.335239 19.582853 32.820495 12.255399 45.061221 106.774787 25.759972 36.132242 59.825889 81.079026 29.184734 34.092181 85.580263 49.984440 28.839762 38.615587 38.299670 31.024297 49.180274 22.521288 47.366447 33.250489 61.989078 21.845502 73.931921 106.919795 87.800497 102.150342 81.716271 74.136971 8.655162 6.200962 7.841934 6.327117 5.404266 10.616304 10.859397 8.872407 8.529863 9.060578 7.725818 6.721957 6.528776 5.923031 4.215314 22.068667 16.147178 20.122130 16.875042 14.018267 22.737865 28.270174 28.720031 24.249779 22.763119 16.668965 27.318966 23.386537 19.495964 17.604857 19.597146 27.104946 22.694566 17.069473 14.959107 15.522169 21.592884 19.921469 16.639391 11.043440 13.357879 20.859523 16.975661 14.918288 11.457803 37.570658 27.828815 34.128882 29.475923 23.268671 37.481045 47.888484 48.379454 40.991056 38.794769 28.875747 46.680518 38.841141 32.114857 29.322614 30.669891 43.403256 35.620797 28.138307 25.370085 25.094414 36.821885 31.991611 29.110583 19.783656 22.908654 36.029727 28.823567 27.756229 20.898151 36.338958 10.572522 41.475083 7.894022 9.094312 3.636872 61.642349 2.221680 3.510933 6.983742 0.203359 0.166234 5.152941 6.609950 0.121210 8.392628 21.758725 6.311893 6.938665 8.500760 2.147368 2.074050 6.690958 8.228164 1.785164 16.658821 16.873147 16.775723 24.050935 21.633629 17.497908 6.080817 3.830484 6.727988 5.255712 5.509621 5.940455 7.400839 6.473185 5.379866 6.923967 7.845016 5.245246 6.176853 5.972512 3.048035 3.883747 3.422313 4.030956 3.818908 4.183392 3.671757 3.911826 4.004920 3.143074 3.969531 4.547432 3.546686 4.088684 3.198500 3.480769
 93.056769 62.011985 51.807531 122.981213 54.095204 8.223365 6.748012 21.424620 6.864551 5.900291 10.060479 5.270619 7.464905 4.284239 8.031096 20.301911 16.634041 54.261995 17.140814 22.565754 15.529905 29.310753 13.945496 19.041012 15.813280 21.623286 11.449688 44.906087 22.255167 17.047556 17.575076 19.024983 13.744681 11.168934 23.625697 30.188156 24.901743 77.495024 25.949270 41.664202 26.159800 55.102577 24.000188 34.600420 26.817472 41.823590 20.064705 57.731307 31.097964 23.989404 24.644189 34.834706 23.300384 19.707870 45.814133 46.057993 86.214676 70.360382 72.976982 55.278887 53.063794 4.961803 4.475247 5.448615 4.038365 2.515005 8.651272 7.868960 5.678601 6.503060 6.871781 4.416504 4.445166 4.396444 4.615071 3.387101 13.609731 11.877440 14.799959 11.020165 6.839229 12.595003 22.190154 20.403554 15.389811 16.978365 11.293169 21.979301 18.073582 11.543002 11.577284 12.744623 19.874527 16.874005 11.827933 11.656252 9.533741 14.482962 11.572648 11.118588 8.672630 6.692988 16.282601 11.895443 12.016835 8.726439 25.278040 21.204780 25.949255 19.475859 12.785573 21.049728 36.994397 33.832032 26.272032 28.616823 18.819033 37.349719 29.875518 19.971899 20.447443 18.601410 31.859925 26.417967 19.654190 19.251897 15.180784 25.736445 20.177876 19.901874 15.316021 12.617352 28.264167 21.484591 22.028800 14.808005 23.167592 6.316665 5.965834 36.132756 6.484825 2.050102 2.015764 51.923924 1.998578 0.165955 5.596863 0.126452 4.720461 0.102841 6.074438 4.840656 4.473999 21.688933 4.913260 1.696182 6.452815 1.456295 6.343283 1.508098 6.778008 9.493485 16.530906 11.740473 15.551072 14.411051 12.548955 3.238108 3.440399 4.789547 3.152555 1.534801 4.866485 4.634341 3.495043 3.993707 4.831739 3.252945 3.425455 3.526333 3.991521 3.918533 2.005083 1.888014 2.476446 2.032016 1.545248 2.402441 2.675153 2.389174 2.385436 2.705067 2.348027 1.984095 2.610031 2.607552 2.536891
 128.780927 88.344624 74.478885 59.244837 177.902033 11.920903 9.683508 6.710001 30.544726 8.101152 6.467065 14.012822 4.765753 12.432903 8.994316 28.893947 23.915792 17.140814 76.435295 32.723554 21.168036 17.037277 40.125252 27.409204 21.512355 12.516670 36.184794 19.093002 17.283929 13.001822 25.221300 64.996736 30.917671 26.810472 20.708687 42.500889 35.763088 26.683792 109.343115 58.482792 36.260544 28.824068 74.304372 50.962542 36.848042 21.804662 68.987615 37.715054 30.515764 22.911485 49.729701 83.345268 43.061037 37.567552 29.666818 71.282118 122.432594 87.972253 93.880064 67.926333 85.257941 7.140106 6.558634 8.755957 5.168768 5.006647 10.026867 10.564413 7.476929 9.976190 8.445220 5.481375 6.485513 4.725239 7.343578 4.153667 18.779894 16.746824 21.919856 13.763342 13.289113 19.009595 26.457339 27.229556 19.552955 25.488490 17.239851 26.222878 21.802842 13.992407 17.025889 21.087462 26.497174 21.405949 12.310012 17.834659 13.237367 19.401956 15.229913 12.842587 11.404751 12.868250 25.693956 17.378959 18.431310 10.849728 34.372593 28.410992 35.014349 24.511686 23.390456 32.912932 45.766714 45.016402 32.133633 43.232992 29.025544 46.765066 36.189011 23.904259 29.498169 30.800395 43.222426 34.102547 20.216481 28.308064 22.343222 35.493054 27.934246 23.525234 21.183644 21.731062 43.213822 30.496335 30.504489 18.853553 35.025487 8.663546 8.909866 7.603507 42.003200 2.653323 2.593443 2.351584 60.453954 0.163967 0.163928 7.106187 0.133560 7.674774 5.469885 6.981777 6.474065 6.130430 21.735209 1.906708 1.679029 8.224278 1.591823 8.827870 6.960920 16.358136 28.175425 15.489742 22.880989 20.037147 27.007420 3.910973 5.173506 7.408238 3.838062 5.554139 5.964363 6.291577 6.651097 7.482637 6.052459 4.675219 5.248700 2.632766 7.593752 4.212087 2.952003 3.314634 4.309868 3.202031 4.207769 3.296595 3.568110 3.459151 4.230474 3.624377 3.088548 3.578556 2.910891 5.195026 3.692523
 212.871542 172.315884 94.863369 71.084163 95.751488 40.099826 15.626119 9.896835 14.797888 14.701057 10.560425 12.900314 5.995807 8.005005 5.784056 83.996740 34.662061 22.565754 32.723554 100.066185 36.315247 26.421952 32.010737 45.357958 40.373827 15.975547 21.134673 29.332250 28.913138 16.559998 15.472572 41.585617 33.864959 20.429708 15.430342 106.894157 47.765045 32.837169 46.197626 143.636135 55.307305 40.765743 49.434602 84.069827 71.555869 27.706003 36.681747 59.606141 53.755179 29.842443 28.643198 74.518985 58.129884 34.974916 26.896250 104.535629 140.717664 109.697276 113.871945 89.993544 88.070392 12.956487 9.889125 9.498466 7.486025 6.414953 12.809798 12.142975 9.298978 11.554475 10.031606 8.010756 8.113161 5.593212 6.624278 4.679244 32.294072 25.217404 24.282031 18.822434 16.633300 32.711184 34.374862 31.321956 23.698239 30.160738 25.204117 33.223873 26.481775 19.939636 21.451883 23.172757 30.243538 24.721039 14.744774 16.248592 19.507949 24.274756 20.959776 14.696814 13.202030 16.494267 28.401417 20.675336 17.885058 12.154700 52.257069 40.592755 40.792633 31.628959 27.759521 52.196090 59.203139 52.032846 39.138869 49.646947 41.016544 57.639112 44.693751 32.213382 36.144943 36.578151 48.540636 40.005470 25.081716 28.327318 32.703754 42.716440 35.122127 27.405047 24.421379 28.693235 47.580844 34.546522 33.716968 21.649900 59.323713 35.222408 12.664725 9.487523 10.701758 64.427943 10.228745 7.773954 9.440344 2.848127 2.619442 3.028343 0.203634 0.256880 0.203152 21.819913 11.021588 9.154548 10.125616 7.636878 5.592245 6.785518 2.497901 2.609327 2.108227 29.250995 28.565441 21.775617 26.697291 27.794755 22.159248 13.452062 8.508220 8.642256 6.276848 7.763753 7.531562 7.740364 7.401205 7.914453 7.549908 7.909893 6.835306 3.655316 7.848811 3.825903 6.026241 6.288046 4.345581 4.729995 5.999185 4.685872 4.044736 4.231733 4.774517 4.449535 4.451337 4.842173 2.810217 4.470497 3.855125
