 832.045457 359.451735 262.018830 245.599709 320.507009 66.382125 47.404329 42.052814 59.295657 32.823733 24.538494 32.561847 18.322698 24.320895 19.686714 135.032882 96.224723 86.246161 122.011505 188.723436 84.450443 65.280739 86.904778 138.412198 85.678487 48.824118 65.008057 117.338991 63.472302 46.433693 51.862287 160.564956 80.710833 62.059466 52.035634 180.072374 128.541580 115.240745 159.919263 343.095982 140.819184 113.599525 148.637542 266.944140 147.142902 86.242315 116.084336 221.656748 111.819579 79.226329 91.401274 272.200258 130.817687 102.737125 89.513369 321.016597 491.023235 393.053576 330.223806 260.292490 224.013038 41.594651 35.525329 19.442829 20.382138 7.824136 54.303074 43.515800 32.550735 39.178164 30.512224 19.751837 26.035428 17.900057 14.995312 6.848586 103.141888 87.790623 51.943207 51.489069 22.421381 106.279265 138.142596 114.628617 81.819516 98.609846 92.403080 137.811576 77.090810 52.176764 64.596768 49.424704 103.642848 74.259434 45.241198 36.754376 52.573534 83.156871 50.035111 45.952317 19.838138 21.867038 95.591856 65.891041 40.443276 18.898917 169.967746 140.191018 94.043119 92.090322 45.590651 170.323312 227.630111 190.464438 132.621214 154.995281 151.800860 224.190278 121.086317 88.236412 100.900298 89.461402 166.011749 120.436855 78.669397 62.408354 87.615526 141.991977 89.050275 80.204568 41.684306 48.722018 154.043428 108.538116 71.075096 41.903106 298.894040 43.606129 36.091492 36.656273 44.458825 92.166087 82.278416 80.833980 91.231216 3.055743 2.103741 2.824360 1.398647 2.515048 1.825851 35.617953 35.589075 35.535870 35.571007 10.069655 9.144140 10.876767 7.536312 9.398805 9.441720 85.644616 75.566112 64.563579 102.015772 82.097480 67.479447 27.293327 27.391228 19.099962 26.267271 6.882099 22.280842 32.805754 25.258645 23.896429 29.868432 14.612413 19.130980 24.149165 18.374020 5.192687 14.036470 13.387181 12.509421 15.014425 10.072968 13.385066 16.259124 14.325829 12.716048 14.725398 10.343035 11.708942 19.007754 15.320409 8.219254
 359.451735 1169.601913 407.161939 375.494086 474.292587 73.558181 26.475556 23.198534 34.287120 91.841268 71.583691 86.389880 30.425901 37.740479 30.362463 200.810633 69.986525 60.723095 89.462383 155.935643 193.851085 154.299563 191.641104 71.518605 253.071151 80.581149 99.826601 60.995833 194.787646 77.195522 78.804490 85.412681 225.367947 94.670744 80.407556 359.946635 124.327572 109.109970 152.325231 216.484966 268.678795 218.827645 275.814639 128.254107 456.408113 139.126465 173.527999 107.731062 351.816753 132.171352 137.991293 135.701111 382.750155 154.911678 140.382097 474.141871 660.407896 654.989576 340.313704 327.936421 328.212825 57.583269 55.553180 30.217725 28.297504 11.936492 78.018843 45.464833 42.874983 51.601508 39.458177 36.999439 40.990140 16.524210 19.935574 11.573950 141.442559 136.188818 76.330659 69.173355 33.495948 148.414613 206.287131 119.224319 108.227313 133.610515 141.357848 191.105709 98.368782 91.424563 99.564875 76.881001 115.006999 103.334183 44.589888 50.039575 73.792152 106.334217 96.039742 44.917909 31.561176 34.506123 124.431680 105.676067 51.914298 31.963773 227.817205 220.174748 125.873634 113.692568 68.335662 240.868578 353.814418 195.883319 169.824626 208.918662 227.224152 306.756113 152.976570 142.992307 152.016909 133.851997 195.366257 182.458204 85.628277 89.045719 127.110475 178.925674 169.629346 81.799464 61.184107 76.621307 199.214312 177.570679 84.488753 62.299946 65.761108 298.905985 71.826175 65.282620 67.082447 92.400363 6.413712 4.209960 5.192088 93.960428 92.479909 92.565218 5.932931 6.458369 5.294348 35.683535 15.054284 13.292518 14.690255 35.717805 35.707418 35.709338 15.820171 15.824218 14.794899 148.996742 144.869739 137.906465 102.828964 112.912933 123.441131 46.184154 48.987554 40.171081 33.366771 10.504989 45.612935 33.429632 34.228711 36.151120 34.140774 40.948150 36.295733 17.674570 23.714796 10.683469 23.096698 24.055547 22.489043 23.050656 16.686345 22.421206 20.091711 19.358439 20.190627 22.373550 23.272625 21.819608 20.757775 21.186832 16.041099
 262.018830 407.161939 889.409961 278.658775 352.052508 29.113475 45.559649 16.548340 26.174190 83.587238 29.325161 36.770059 51.727379 63.291826 21.021453 75.932499 127.935751 43.679736 67.813342 76.690943 234.261284 77.286539 98.325630 97.817344 172.344482 108.418062 132.394676 42.995105 75.458949 140.421102 55.173245 65.705484 91.940905 173.594823 55.479202 132.039354 244.349219 79.253015 113.900042 129.626936 420.477626 134.003662 171.859813 136.861270 234.395027 147.358251 180.576774 75.045051 131.026960 252.505636 98.336069 103.877290 150.155723 303.654272 96.823826 285.922029 487.640820 516.956526 318.447179 288.828808 291.506674 40.162863 35.412256 24.183901 21.539959 11.861761 59.939573 40.331896 37.098866 43.845223 32.289779 32.815680 42.239205 10.588773 17.188133 13.452021 103.104203 93.082805 63.526382 56.553293 34.370852 102.265217 156.624999 106.859407 94.418845 117.624615 90.053854 147.744685 78.830661 84.431283 103.052961 58.014131 98.091423 84.312686 29.327451 42.330530 53.770527 90.947292 79.660612 29.973933 34.464432 30.733288 104.285967 103.444274 46.920108 35.497618 171.095091 158.107115 105.680566 96.716391 69.879289 162.652491 266.993979 176.157060 149.370432 187.188658 142.585275 235.936671 122.713420 131.742765 153.084355 90.010644 155.788376 145.371130 61.779190 73.644505 86.360184 145.601443 132.929342 59.850043 61.394751 58.466038 165.447418 162.283801 78.030864 66.211268 41.629846 55.521001 298.898587 47.387358 48.113282 3.894181 80.511421 2.505200 2.697986 94.230743 5.019243 4.084612 88.311992 90.670403 2.808060 11.871017 35.618526 8.588573 10.119178 35.642514 12.212561 12.668669 35.590961 35.599659 9.514934 69.230159 77.275700 104.106780 101.283484 90.260800 85.944857 23.871350 22.843423 23.201603 17.275201 11.949545 28.343018 27.444738 26.297905 27.202734 26.872240 33.816105 39.096700 9.226403 17.814174 14.817256 13.802837 14.107418 16.285673 16.005135 14.316252 15.153219 15.404389 16.083601 16.800888 15.495973 18.323870 18.939788 11.002000 17.192992 18.503309
 245.599709 375.494086 278.658775 865.228527 319.250639 27.661218 17.119440 42.815861 22.802776 34.291428 67.341925 33.037896 54.125162 24.551955 52.248877 72.567637 45.267902 118.599385 59.169678 69.460737 88.162963 193.611586 88.657941 46.709665 90.216194 153.173481 66.001197 87.868643 134.903287 108.195829 106.910757 57.574273 82.003949 62.141144 147.912356 124.138105 81.726094 224.827384 99.486009 116.337359 148.065689 357.437883 152.323254 86.439262 155.957681 276.451729 116.671013 116.725151 179.279739 140.661115 142.859031 93.163763 135.267306 104.931644 273.438114 274.994124 488.161860 418.087204 277.721589 324.908410 300.358570 36.630674 34.421807 16.885481 18.153175 8.008424 57.003695 34.591814 39.906358 44.998731 28.488916 31.973854 27.866945 12.722745 10.129292 12.522459 94.953491 85.243568 45.141965 49.220343 24.083235 92.083766 146.969571 89.905812 101.022548 116.052319 90.540388 142.853900 71.717361 83.759764 70.442589 43.024185 87.118257 72.511718 35.288146 26.657749 44.745474 94.826800 77.829874 33.670235 31.217489 22.907887 106.499634 71.439671 27.599720 34.228695 164.099903 142.346436 81.311400 92.419661 55.914135 146.636679 242.748633 147.467080 156.093310 184.442047 145.372940 235.409410 113.005497 137.178497 114.101345 75.419355 148.603248 123.176826 72.970763 54.505555 74.989490 149.654439 126.468321 59.875308 56.135113 49.050318 169.516249 120.999924 49.871498 67.957217 36.280813 43.208779 40.741597 298.906755 40.466392 2.447751 1.799679 78.726957 2.151622 2.894354 92.400876 2.755174 90.318306 2.114133 86.848658 8.643353 7.409629 35.221730 9.009290 10.699812 35.628560 10.084159 35.647012 8.561025 35.635413 75.697408 78.408295 69.017474 81.760675 106.986065 115.942861 23.735465 24.771433 15.734799 18.873459 7.128214 25.444991 23.466577 29.357462 34.641312 27.416479 34.165966 21.320707 15.913262 7.548301 16.051641 12.932829 13.637739 10.990552 13.862942 13.087808 14.623637 13.167659 16.314173 15.389597 14.220372 17.983060 14.317313 14.505885 9.387977 17.825529
 320.507009 474.292587 352.052508 319.250639 1045.138403 35.394582 23.143847 20.779691 63.131200 44.774226 33.223969 87.236459 24.532459 67.686280 55.639528 92.000868 61.280440 53.817895 170.816888 90.960135 114.197455 86.832314 246.665127 62.523500 115.048674 64.621371 187.342238 54.454240 85.814038 62.038422 153.579034 131.489410 177.294217 140.743728 116.691835 157.700422 109.012231 93.841938 298.892732 151.933248 191.672773 149.538148 446.595907 113.411710 195.083599 111.903579 337.925726 95.205680 149.466200 106.383880 277.812974 172.540437 236.765991 189.011457 161.378121 413.208214 612.732248 532.342787 337.090124 310.819767 305.048031 51.532514 43.490444 28.346757 23.279955 16.037373 67.296932 43.102502 43.026947 49.893290 30.582918 22.039007 34.832428 13.704766 15.653223 12.918444 126.487790 106.138922 71.916132 56.346175 40.908767 135.739499 173.271799 110.844988 106.449996 128.362436 116.009041 166.631121 78.735979 59.471489 84.600963 72.169351 110.882039 80.152578 37.235741 40.324582 61.016823 105.386242 58.349405 37.343548 34.726419 44.223270 119.327918 89.035544 41.704954 33.423073 209.026489 173.544138 119.649731 95.757427 77.397717 221.940968 287.475896 181.552976 165.365430 197.557878 197.048304 272.262922 130.664328 106.040045 132.245691 123.672477 187.993637 143.427510 73.851642 73.191976 107.508764 175.226600 112.473630 71.175686 64.934777 83.000614 189.855466 147.220288 72.241989 59.965969 56.434201 57.758104 51.442149 50.766992 298.879058 3.091621 3.496766 2.723900 91.727086 3.858729 3.996230 94.770638 3.038125 92.242041 90.223073 13.184142 11.328485 11.861308 35.610270 12.870215 12.307323 35.661068 10.405544 35.616292 35.613033 119.431088 122.880151 123.405699 111.111109 106.742717 106.191681 37.315704 32.406364 34.192560 31.017296 23.935154 38.318211 32.853297 39.257271 35.708405 27.702071 15.257365 33.355878 16.636599 15.748704 14.054948 20.131166 18.812115 21.325311 16.066842 23.436627 18.416871 19.077115 17.917958 18.902839 17.184706 14.077410 17.214349 15.526585 17.711788 19.010810
 66.382125 73.558181 29.113475 27.661218 35.394582 15.379486 4.079097 3.305581 4.878506 5.370110 3.943394 5.305568 1.992724 2.725888 2.167642 34.558367 9.356846 7.535113 11.191347 35.061531 12.652006 9.410643 13.085402 11.897040 14.946418 5.378663 7.494639 9.561602 11.109617 5.165080 5.702797 13.323724 13.934278 6.914469 6.063567 45.335880 13.268037 10.880164 15.661915 47.183988 18.501097 14.248959 19.785483 22.648263 27.263728 9.427462 13.229060 18.583481 20.958963 8.935999 10.178279 22.907264 23.962659 11.347239 11.172082 36.142750 54.725017 53.093350 31.354155 25.452358 31.341953 4.648894 4.699200 2.085462 2.177021 1.063298 6.664987 4.348658 3.094191 4.165072 3.502994 2.638657 3.310623 1.475975 1.653372 0.717834 11.408279 11.705010 5.263722 5.530872 2.986702 12.074570 17.543456 11.218428 7.818576 10.853309 11.560072 16.212833 8.670347 6.547990 7.912037 5.496716 10.609727 8.804664 3.859702 4.147117 5.594665 8.067057 6.826306 3.933439 2.018859 2.835281 9.762176 8.595673 4.284386 2.086031 18.639584 18.811866 9.229120 9.565509 5.853781 19.741052 29.967078 17.964949 12.714280 17.365350 18.193048 25.861474 13.147065 10.213281 12.098713 10.087421 17.174577 14.909806 7.028469 7.267217 9.666159 14.229512 12.340694 7.221880 4.291505 6.089034 15.598090 14.640765 7.086942 4.620885 21.916140 14.583258 3.562205 3.203019 3.738290 29.088649 2.703952 1.938320 2.221320 1.367489 1.017263 1.230206 0.033075 0.063359 0.034057 8.986710 3.792372 3.324945 3.651560 2.500766 2.213396 2.575362 0.638671 0.745440 0.815663 8.500460 10.196498 9.174533 9.230848 7.731567 13.035672 3.233077 3.958555 2.290972 2.545584 1.033035 3.510418 2.987281 1.877707 2.604196 3.174875 2.377218 2.711266 1.225568 1.824620 0.667478 1.581211 1.752720 1.253196 1.562082 1.416261 1.652303 1.584290 1.294879 1.384080 1.721683 1.422309 1.551799 1.508794 1.690453 0.896608
 47.404329 26.475556 45.559649 17.119440 23.143847 4.079097 10.208632 2.135735 3.583465 4.422641 1.716792 2.294057 2.250976 3.205157 1.397141 9.286942 22.777666 4.968121 8.232574 12.092510 12.774238 4.629651 6.321338 23.765453 10.224873 5.382885 7.571878 6.133217 4.558956 6.237201 3.748370 9.884559 5.916011 9.173319 3.795831 12.920463 29.591109 7.158249 11.248796 22.331343 23.240484 8.086613 11.046833 31.907707 14.543760 8.029043 11.268201 11.926698 8.085704 11.555608 6.666361 17.210128 9.802223 16.773349 6.472461 21.337567 37.897346 35.307448 27.596095 19.220762 18.343607 3.614068 2.507752 1.572329 1.383924 0.736469 4.130796 3.397988 2.171939 2.874391 2.160506 1.986027 2.412878 0.835470 0.992325 0.537168 9.042658 6.535236 4.018335 3.874477 2.148766 8.580695 10.795451 8.881014 5.494261 7.833124 6.423196 10.199523 5.280550 5.113331 5.854804 3.949846 7.835272 5.553450 2.193933 2.487115 3.313994 5.578956 4.620961 2.320056 1.500716 1.921247 6.555470 6.147445 2.745840 1.511474 14.453980 10.954853 6.869459 7.074607 4.327320 12.838356 18.835655 14.382236 9.023622 12.723257 10.505167 16.922112 8.609032 8.197009 9.223177 6.488648 12.170035 9.524978 4.384434 4.767403 5.679814 9.863051 7.675478 4.603617 3.289599 3.955039 10.887903 10.270958 4.998083 3.352414 14.116273 2.928232 11.184302 1.917711 2.690861 1.662137 24.715285 1.160802 1.284240 1.312749 0.040171 0.033676 0.624810 1.277160 0.021006 2.940860 8.939717 1.993486 2.478197 2.477010 0.520243 0.649604 1.753263 2.177707 0.543495 4.593041 5.655911 5.461017 9.739123 4.735474 4.540467 2.739028 1.337669 1.460306 1.621439 0.788667 1.335058 2.550691 1.301396 1.589755 1.709116 1.916490 2.036699 0.644159 1.143107 0.515594 1.032441 0.899936 0.824727 0.930633 0.887471 0.805395 0.991089 0.829125 0.829599 0.823743 0.881938 0.948397 0.717332 0.904905 0.538886
 42.052814 23.198534 16.548340 42.815861 20.779691 3.305581 2.135735 9.750022 2.890473 2.028484 3.276491 2.108314 2.463147 1.605192 2.567513 7.590414 4.973474 21.666953 6.717532 9.622798 5.291531 9.645335 5.713622 6.490701 5.508928 7.164880 4.453090 21.746724 7.500854 5.607683 6.076347 8.115508 5.413205 4.064008 7.455362 10.800963 7.173853 27.833537 9.457099 18.107766 8.874922 18.337409 9.824739 13.350343 9.702477 13.980510 7.933122 27.751737 10.621879 7.725844 8.726599 14.324836 8.854344 6.627761 14.154671 21.978707 35.633557 27.808063 18.171298 24.147652 17.655964 2.822677 2.581975 1.013015 1.290624 0.542330 3.848912 2.905020 2.367083 3.108729 1.826746 1.341986 1.867545 0.938820 0.668258 0.747850 7.079702 6.162101 2.701488 3.454823 1.618261 7.126849 9.813031 7.245324 6.011562 8.095047 6.860002 9.706579 4.450304 3.719071 4.728827 2.849904 7.438400 4.777232 2.620271 1.916064 3.298025 6.008595 3.377859 2.337303 2.019688 1.564894 7.145601 4.818148 1.859900 1.783353 12.119042 9.867971 4.948457 6.497119 3.630737 11.386898 16.493889 11.397488 9.892912 12.632025 11.032944 16.139110 6.916045 6.703909 7.712101 5.600204 12.705696 8.177771 5.110238 4.166821 5.560648 10.126560 6.132545 4.179907 3.691361 3.551744 11.494958 7.967710 3.637261 3.410003 11.779669 2.020599 1.675888 12.029762 2.329383 1.104574 0.742916 24.944547 0.968462 0.023799 0.856075 0.030611 0.634680 0.011740 0.880959 2.080880 1.696999 8.886270 2.178788 0.429165 2.102848 0.574365 1.806201 0.512075 2.197421 5.190816 4.818643 3.653313 4.531679 9.534731 4.445441 1.646103 1.783352 0.536484 1.325079 0.448053 1.286713 2.362243 1.737299 2.003953 1.142529 0.797997 1.237605 1.199710 0.528368 0.756168 0.794545 0.791345 0.647658 0.877405 0.673075 0.807133 0.970726 0.859629 0.875562 0.735712 0.614720 0.807618 0.933058 0.700849 0.841250
 59.295657 34.287120 26.174190 22.802776 63.131200 4.878506 3.583465 2.890473 14.166494 3.228833 2.295002 5.204402 1.701295 3.870565 3.094719 11.244503 8.424239 6.729729 31.583642 14.036949 8.412624 6.167068 14.932357 10.394109 8.487429 4.609724 10.907309 8.306293 6.099247 4.437098 8.757129 31.724935 11.861557 9.244713 7.422301 15.918402 12.138924 9.561272 40.299343 25.306751 14.114364 10.620058 27.150978 20.394100 14.381568 8.188023 20.733419 15.871705 10.814678 7.655420 16.501423 40.638692 16.697279 13.613942 10.802659 32.515497 49.545037 42.231613 37.940942 20.897166 22.560689 4.181272 3.613936 2.239841 1.628584 1.182927 5.713623 4.568515 2.813595 4.071578 2.685296 1.751551 3.168621 1.431175 1.182429 0.713258 10.659013 9.125598 5.839398 4.049448 3.246153 10.662685 14.787057 11.652597 6.979596 10.527463 9.416498 14.230477 6.900408 4.550076 7.789098 5.695404 10.907448 6.872517 3.581383 2.963667 4.409421 7.366215 4.700659 3.929976 2.103552 3.143394 9.740196 7.870785 3.515493 1.900848 17.538527 14.985964 10.203942 7.187487 5.961868 16.677455 24.181249 18.531112 10.711028 16.149238 15.414325 23.123837 11.227517 7.402439 11.700036 9.912081 17.314794 11.847574 6.230391 5.710916 7.848218 12.983487 8.849591 7.287575 4.430966 6.097218 15.842845 12.627181 6.879920 3.727510 18.962965 3.067930 2.731551 2.808928 14.861585 1.404908 1.420938 1.222194 28.836413 0.036297 0.041232 1.249329 0.022575 0.949402 0.742502 3.257601 2.829906 2.982758 8.941836 0.658043 0.722994 2.750371 0.609261 2.373891 2.398097 8.935646 7.145245 7.378798 14.887199 6.094292 6.393402 2.186884 2.366915 2.546010 1.676865 1.416344 2.060289 3.561227 1.445317 2.353710 1.823739 1.078240 2.808005 1.741922 1.352856 0.602149 1.470944 1.349422 1.510610 1.075934 1.605852 1.371942 1.601900 1.141139 1.433466 1.300530 0.942941 1.414163 1.647827 1.135392 0.950314
 32.823733 91.841268 83.587238 34.291428 44.774226 5.370110 4.422641 2.028484 3.228833 19.464321 5.421159 6.791335 4.793636 6.197019 2.658802 14.971610 12.667691 5.446083 8.560506 12.681515 44.699391 12.798428 16.359392 10.418885 43.949230 11.178363 14.328552 5.393360 14.994034 13.286557 7.110840 8.122639 18.099102 16.991031 7.075785 27.803315 24.114302 9.863170 14.564458 18.761105 61.146066 19.245399 24.929750 15.484758 59.455683 16.328113 20.936357 9.547126 27.851883 24.847139 12.753315 12.840115 31.353264 29.776979 12.203729 45.398276 62.113277 72.075135 39.363285 37.342887 31.025035 5.601442 5.527818 3.368222 2.707649 1.126130 8.480544 4.737260 4.832599 4.803017 4.141333 4.449358 4.260075 1.562295 2.341484 1.307449 13.886114 13.869469 8.778588 7.146495 3.282371 14.642101 22.073493 13.007740 12.330238 12.960633 13.974895 20.415525 10.336643 11.202999 10.261611 8.146348 11.634516 10.958679 4.172989 5.557364 6.865751 11.590561 11.151632 4.414853 3.466400 3.144142 11.625760 11.079475 6.364001 3.513820 22.487551 22.893291 14.677124 12.336486 6.875826 23.767967 37.055805 22.200409 19.474080 20.786444 21.908183 31.629843 16.441608 17.218301 15.364122 13.056432 19.202463 19.792443 8.683549 9.295665 11.670297 18.573159 19.162849 8.248817 6.516417 6.893060 19.122566 19.083238 10.678914 7.094883 4.443617 19.441623 24.957353 4.602074 4.718053 1.771003 2.928687 0.039246 0.055028 29.839932 2.324908 1.961747 2.655006 3.019754 0.047862 3.122623 3.926803 0.766225 0.859053 9.030811 3.180893 3.222248 4.015647 4.126147 0.803439 14.260725 10.251602 15.538897 11.877984 12.367178 9.288597 3.538604 4.325023 3.850043 2.232375 0.891668 4.792195 2.763846 3.684313 2.504721 3.274345 5.139055 3.631051 1.301699 3.380051 1.451509 2.160216 2.287538 2.480978 2.279564 1.260499 2.240174 2.007640 2.072100 1.790794 2.183722 2.698317 2.071378 1.690307 2.315770 1.573639
 24.538494 71.583691 29.325161 67.341925 33.223969 3.943394 1.716792 3.276491 2.295002 5.421159 15.094086 4.991612 4.630895 2.486587 4.189483 10.937338 4.649390 9.241151 6.102715 9.345444 12.609243 35.041122 12.062000 4.805016 15.365971 13.461018 6.743218 7.543665 33.456437 10.230007 9.599634 5.928161 13.655444 6.397620 12.071337 20.836965 8.529967 18.171317 10.543613 13.905153 18.470426 47.858602 18.417743 8.891490 28.700810 25.065473 11.895990 10.745521 43.782705 14.089595 13.781160 9.577974 24.501917 10.823907 22.440857 32.299083 54.690220 53.664829 27.460320 33.742094 24.156695 4.481372 4.313380 1.989936 2.233340 0.809891 6.467137 3.768236 4.273056 4.128234 3.651414 4.007561 3.036331 1.566219 1.198218 0.874143 11.398547 10.607848 5.305766 5.702214 2.373129 11.314036 17.095454 9.635119 10.802159 10.707784 11.121276 15.866719 8.891884 9.935736 7.507995 5.076586 9.566740 9.433396 4.472995 3.063903 5.679538 10.108992 10.081281 3.876699 2.303298 2.410655 9.983669 7.852116 3.242981 2.454795 19.020495 17.215243 9.330402 10.045490 5.193401 17.937968 29.237851 15.459034 16.547820 17.203295 17.687936 25.707471 13.548324 15.636233 11.799748 8.924392 16.191727 15.785564 8.395730 5.755069 9.521652 15.949972 16.421729 6.629384 4.420961 5.602756 16.368229 13.623565 5.642622 5.255190 3.000772 14.235039 3.791172 21.922964 3.615754 1.067083 0.038859 1.803673 0.046047 1.323720 28.921017 1.251405 2.592601 0.043938 2.376576 2.090473 0.612684 3.144700 0.764793 2.701954 8.997860 2.505635 4.047416 0.694061 3.741277 7.680988 10.150889 9.170721 7.010830 11.332176 6.367972 3.017994 3.222040 1.967578 2.199739 0.565429 2.783099 2.222454 3.140949 2.855465 3.331454 5.067511 2.382521 1.857776 0.871638 0.568885 1.552817 1.721277 1.352699 1.649645 1.111987 1.609115 1.388405 1.687044 1.263988 1.868277 2.416203 1.379874 1.833596 1.032733 1.045994
 32.561847 86.389880 36.770059 33.037896 87.236459 5.305568 2.294057 2.108314 5.204402 6.791335 4.991612 18.463178 2.528484 5.882945 4.552394 14.703673 6.208979 5.598131 14.496312 12.459561 15.822224 11.901678 43.061130 6.329124 18.702308 6.782690 16.528748 5.659394 13.786729 6.579948 12.773984 11.810777 40.497549 13.357869 10.702333 26.897581 11.128169 9.866470 26.154149 18.337039 23.236998 17.936819 59.277758 11.473368 33.863128 11.833814 30.149895 9.949961 25.521698 11.475928 23.776304 16.247041 52.556950 18.592292 15.977893 47.889384 65.347801 62.839867 32.861434 33.719372 33.338285 5.485296 4.801905 2.711469 3.167817 1.460370 7.710964 4.496965 4.664461 5.287837 3.446725 2.822495 3.979045 1.774974 1.892905 1.347840 13.264356 11.689371 6.847239 7.095302 3.712283 14.542405 19.952072 11.527966 11.532472 13.634616 12.634948 18.917176 8.858130 7.227217 9.605966 7.049081 11.682814 9.027077 4.567588 4.848307 8.539303 11.646121 7.656155 4.949079 3.732781 4.180478 12.733074 10.236272 4.990691 3.517371 21.882745 19.238063 11.487748 11.361867 7.311814 24.304553 33.391533 18.733441 17.835549 20.854524 21.471611 30.248759 14.341128 12.145927 14.572199 12.480636 19.991959 16.111448 8.491063 8.651629 14.550347 19.466437 14.627986 8.880888 7.000258 8.409656 20.453014 17.039169 8.115842 6.311657 4.521797 18.497242 4.514845 4.202670 23.003396 1.309384 0.065979 0.041011 2.338819 1.675948 1.790467 29.845004 0.061703 2.689430 2.320613 3.115302 0.878457 0.983076 3.726394 3.111277 2.938558 9.025472 0.808124 3.974228 3.619551 13.546295 11.928391 14.688977 9.192102 11.563943 12.661129 3.672109 3.639816 2.725834 4.854801 1.633955 4.589852 2.681297 3.669772 3.432802 2.463508 2.184213 3.634892 1.826979 1.703470 1.022208 1.988756 1.906809 1.806693 2.153740 1.869754 1.983287 1.850446 2.048132 1.993472 1.883767 1.721947 2.042661 2.296559 2.083300 1.991732
 18.322698 30.425901 51.727379 54.125162 24.532459 1.992724 2.250976 2.463147 1.701295 4.793636 4.630895 2.528484 12.084703 3.262441 3.072320 5.316081 6.473566 6.966549 4.542428 5.274970 13.666233 13.433485 6.828020 5.500927 11.144439 27.592574 7.694769 5.643741 10.356524 26.570705 7.028406 4.428475 6.506395 9.115079 8.928516 9.481821 13.110132 13.807793 7.797297 8.937329 25.417409 25.089296 11.957088 8.504759 16.270562 36.444827 11.310456 7.973391 14.422560 33.853408 10.067805 7.177293 10.942014 17.042759 17.207547 18.576039 47.278467 39.488557 23.229105 26.931859 23.629575 3.001665 2.678863 1.513073 1.219646 0.710275 5.514846 3.482873 3.508735 4.390658 2.928951 2.563162 2.965594 0.925985 1.139370 1.038891 8.259007 7.076922 4.190305 3.504552 2.211587 7.307169 13.934089 8.781670 8.529813 10.913679 6.839381 14.039034 7.135004 6.948889 7.372279 3.702455 8.815055 7.322643 2.683474 2.874447 3.056223 8.723639 6.265610 2.566876 2.566532 1.938135 10.913746 7.461775 3.176212 2.891751 14.867280 12.279197 7.672385 7.095648 5.135679 11.136494 22.725095 14.041935 12.877080 16.718057 10.768953 23.402535 10.890960 11.709225 11.982408 5.876114 14.533130 12.085053 5.998258 5.468777 5.184836 13.997404 10.722048 5.046519 4.678410 3.852216 17.456553 12.208470 5.447787 5.604237 1.965749 2.999704 13.717460 16.478430 2.395161 0.029910 0.825491 1.051732 0.026771 1.243047 2.073163 0.042757 27.941703 0.976831 1.316994 0.506553 1.708659 2.225796 0.537538 2.552595 3.204867 0.543187 8.964475 2.025118 2.351432 3.491470 7.531446 6.391880 5.617237 8.303188 6.506137 1.352827 1.398573 0.851425 0.752854 0.458887 2.279030 1.972999 2.586123 3.612332 2.781037 2.840037 2.593672 1.007614 0.777091 1.133642 0.959766 0.999219 0.855079 0.798550 0.842174 1.334757 1.207514 1.431694 1.475562 1.268892 1.535663 1.329447 1.013511 0.961938 1.175208
 24.320895 37.740479 63.291826 24.551955 67.686280 2.725888 3.205157 1.605192 3.870565 6.197019 2.486587 5.882945 3.262441 14.524560 3.113271 7.266208 9.318259 4.226507 10.703907 7.164684 17.686248 6.672523 17.061826 7.703963 14.152333 7.703056 32.789061 4.239949 6.537364 8.995504 8.766619 8.975408 13.226045 32.680791 7.449448 12.572872 18.544939 7.363456 19.389944 12.048057 32.892564 11.572252 31.927192 11.670242 20.293119 11.357293 43.159281 7.288745 11.600117 16.956303 16.800993 12.395047 18.342570 42.436731 11.243706 31.958017 49.265320 47.689783 32.498591 27.606820 28.572906 4.232132 3.480618 2.684871 1.866083 1.526218 6.276452 4.102070 3.145656 4.085955 2.811497 2.087313 3.139785 1.177003 1.500625 1.628066 10.582188 8.815504 6.808653 4.865869 3.890203 10.983827 15.669401 10.630646 7.820905 10.809579 9.266105 15.372373 7.199926 5.628180 7.486900 6.674700 10.098203 7.368675 2.971346 3.748307 4.767285 7.915475 5.339148 3.434831 4.179461 3.941185 9.815087 8.063699 4.098306 3.775498 17.553600 15.000594 11.394767 8.512801 7.189451 17.797143 24.941716 17.338132 12.416657 16.855898 15.547231 24.466168 11.903718 9.631701 11.362628 10.640819 16.237579 12.791817 5.648218 6.669318 8.426938 13.242671 9.891510 6.881675 7.085055 7.137005 15.968057 13.254151 7.049680 6.112016 3.267017 3.785027 16.912157 2.794896 16.087141 0.028730 1.633332 0.040411 1.121574 1.691170 0.055711 1.647433 1.359910 28.614439 1.156666 0.752777 2.689851 0.653780 2.499250 3.231384 0.652961 3.137470 2.534987 8.952063 2.300091 7.324679 7.506753 10.773558 10.170827 9.191419 9.201300 2.936212 2.012543 2.726831 1.943034 2.095967 3.171418 3.180251 1.849601 2.518599 2.018678 1.389455 2.448552 1.483104 1.356181 2.346421 1.453950 1.394436 1.792440 1.294456 1.974317 1.441817 1.616343 1.222924 1.413248 1.361684 1.131737 1.321710 1.200873 1.509112 2.216780
 19.686714 30.362463 21.021453 52.248877 55.639528 2.167642 1.397141 2.567513 3.094719 2.658802 4.189483 4.552394 3.072320 3.113271 11.876621 5.820216 3.802499 7.282818 8.545100 5.627806 6.810404 12.236477 13.192512 3.872308 7.149966 8.878488 8.920642 6.045988 9.488209 6.899553 26.769008 7.209917 10.314888 7.301709 26.594230 10.037323 6.657879 13.871334 15.253644 9.447822 11.439624 23.176274 24.572038 7.106210 12.475427 16.926173 17.141785 8.664329 13.468689 9.584387 34.484396 10.171874 14.580910 10.588860 34.987198 31.631464 44.618116 33.729209 24.967504 20.328902 23.683842 3.549331 2.964220 1.971680 1.296472 0.848695 4.860696 3.144851 3.072460 3.810491 1.816776 1.597484 2.379412 0.828828 0.822660 0.985636 8.906886 6.837467 4.954601 3.396628 2.344704 9.159913 12.243915 7.784299 7.283847 9.639504 8.429427 12.334024 4.920190 4.285799 6.149757 4.883865 8.139595 4.717315 2.222557 2.242222 3.299474 7.663597 4.266333 2.425315 2.374064 2.459487 8.993833 5.882650 2.185737 2.581504 15.374570 11.172174 8.177798 6.126331 4.969219 15.029878 20.079652 12.636559 10.598283 15.002291 14.731463 20.736730 8.676075 7.749539 10.058454 8.110260 14.049669 8.577405 4.593776 4.418660 5.962993 12.417339 7.866767 4.758026 4.082666 5.092648 14.406498 9.829011 3.969553 4.367194 2.668241 2.744664 2.225905 16.325987 12.829325 0.030201 0.021084 1.172425 0.931226 0.036580 1.696511 1.162928 1.312541 0.897232 27.554702 0.646438 0.590617 2.879609 2.110651 0.549958 2.957195 2.359433 2.448493 1.956995 8.968941 9.825527 6.655593 5.099518 7.162474 5.462979 7.993123 2.345219 1.966198 2.005625 1.115787 0.892373 2.223458 2.348502 2.290340 2.740824 1.200842 1.044794 1.879291 0.661821 0.498535 1.078642 1.178574 1.145325 1.291201 0.807065 1.148065 1.100884 1.082309 1.101689 1.179900 0.784334 0.871387 1.054174 0.747916 0.790389 1.106476
 135.032882 200.810633 75.932499 72.567637 92.000868 34.558367 9.286942 7.590414 11.244503 14.971610 10.937338 14.703673 5.316081 7.266208 5.820216 85.411000 22.988864 18.576151 27.628695 73.429978 34.189893 25.317404 35.339002 26.046392 42.087170 14.363892 19.955490 21.121295 31.106306 13.791583 15.233352 29.515597 38.831642 18.390548 16.338111 119.965343 34.186990 28.110845 40.369915 95.696332 49.066568 37.614680 52.490714 47.711185 76.793521 25.077438 34.974225 39.037067 58.364465 23.647624 26.894391 48.707322 66.479032 30.007688 30.082100 89.838853 134.243661 133.735788 74.062152 63.757065 80.707010 11.374655 11.655720 5.148820 5.523302 2.716026 16.318988 10.184543 7.586085 10.256927 8.206794 6.611589 8.485778 3.332455 4.056927 1.782145 27.919695 29.051837 12.960356 13.817820 7.655241 29.584863 43.178369 26.135170 19.222637 26.772943 28.507976 39.537461 20.324764 16.370890 20.075091 13.521201 25.100182 20.863083 8.835167 10.150092 14.099007 19.575287 17.163450 9.021469 5.034865 7.241555 24.168852 22.129662 10.515895 5.106990 45.616482 46.791287 22.434065 23.523881 15.123673 48.612228 74.296510 41.831995 31.141047 43.032314 44.902467 62.851525 31.021148 25.487693 30.706519 24.698590 41.364140 36.131457 16.556234 18.089332 24.101054 34.475443 31.200252 16.705767 10.722216 15.428427 38.677574 37.499933 17.238689 11.104198 46.104136 39.310980 10.178060 9.106749 10.567765 63.643433 5.076577 3.334253 4.073056 5.948162 4.713325 5.435868 0.164915 0.300887 0.163980 21.758315 9.127183 7.966594 8.857291 7.178467 6.446689 7.400833 2.005665 2.272271 2.498138 21.889151 25.883395 23.710865 22.070533 20.262124 35.297712 7.843730 9.945381 5.752049 6.718785 3.043761 8.700965 6.976557 4.424853 6.423174 6.927313 5.973075 7.414913 2.509569 4.504417 1.567681 3.935757 4.393067 3.060513 3.813678 3.726539 4.088685 3.695374 3.111335 3.532008 4.054345 3.507779 4.139684 3.525765 3.973187 2.313213
 96.224723 69.986525 127.935751 45.267902 61.280440 9.356846 22.777666 4.973474 8.424239 12.667691 4.649390 6.208979 6.473566 9.318259 3.802499 22.988864 56.347345 12.426174 20.713660 26.617799 36.751672 12.465837 17.048904 49.467042 28.209488 14.934674 21.121337 13.798230 12.382109 18.169549 10.177671 22.331013 16.013095 26.959859 10.319992 33.590741 79.345005 18.735170 29.559497 47.169453 66.716260 21.583754 29.648412 64.289205 39.239351 21.755738 30.615221 25.407499 21.754578 33.531130 17.930316 37.213036 26.375497 49.113692 17.459619 53.762905 94.203268 89.260339 69.593567 47.575093 46.300178 9.020942 6.344885 4.030991 3.354407 1.987845 10.258196 8.029493 5.634778 7.379810 5.191963 5.316437 6.122660 1.881111 2.548815 1.472278 22.506021 16.557260 10.509549 9.275049 5.702254 21.594287 26.896936 21.204591 14.173324 19.907411 16.340274 25.357633 12.673137 13.801437 14.969791 9.925590 18.668365 13.614729 5.060339 6.412153 8.193368 14.284433 12.206387 5.328141 4.019550 5.149033 16.939707 15.570384 6.972300 4.160243 35.918293 27.680852 17.858154 16.986254 11.326617 32.341962 46.901939 34.523355 22.758885 31.835445 26.620317 41.973003 20.716063 21.694465 23.720375 16.089070 29.498093 24.025014 10.511719 12.111688 14.003251 24.736641 20.099852 10.963428 8.421279 10.361579 27.942485 25.885806 12.519997 9.061156 29.351466 8.245151 30.827345 5.639400 7.686391 3.016823 54.140688 2.039558 2.162876 5.662108 0.195744 0.159782 2.981454 5.759146 0.101506 7.166088 21.691818 4.953776 6.037154 7.104265 1.604924 1.940081 5.363178 6.419426 1.650954 11.743972 14.588711 14.503529 25.739696 11.865563 11.403797 6.775357 3.460534 3.708778 3.467558 2.187438 3.326057 5.769153 3.505529 4.121437 4.037308 5.287195 5.228285 1.259332 2.742999 1.287982 2.620054 2.374822 2.168998 2.251762 2.399277 2.059344 2.383360 2.093793 2.142342 2.045811 2.429282 2.452420 1.623830 2.265287 1.473647
 86.246161 60.723095 43.679736 118.599385 53.817895 7.535113 4.968121 21.666953 6.729729 5.446083 9.241151 5.598131 6.966549 4.226507 7.282818 18.576151 12.426174 52.961987 16.664712 21.102801 14.165827 27.390514 15.096735 14.560893 14.752336 20.382420 11.669830 45.211436 20.429625 15.440055 16.594243 18.319351 14.448566 10.822498 21.405133 27.727818 18.805222 73.498011 24.417681 38.173413 23.668989 51.916395 25.820483 28.758824 25.810622 39.619707 20.643303 56.057868 28.369731 20.924892 23.290324 31.330510 23.636274 17.712510 40.742494 53.603652 89.004530 71.014229 45.275885 57.531191 46.636790 6.848169 6.403724 2.541659 3.053910 1.351646 9.637795 7.231479 6.050181 7.997473 4.587846 3.642901 4.873472 2.132512 1.731625 2.099590 17.369447 15.299031 6.818373 8.154398 4.081590 17.298194 24.785164 18.051128 15.187206 21.037585 17.011406 24.245092 11.150984 9.978887 12.359070 7.034963 18.442490 12.052793 6.082881 4.959116 7.864986 15.329879 9.110339 5.459091 5.593474 3.837678 18.221158 12.426031 4.664706 4.929473 30.268697 24.669356 12.601946 15.392244 9.490505 27.627586 41.967596 28.198638 24.518528 33.051408 27.197683 40.353725 17.455694 17.585852 20.177292 13.566019 31.423754 20.917534 12.202131 10.688980 13.365520 25.517066 16.297615 9.998019 9.999626 8.562226 29.185123 20.494232 8.938651 9.128844 25.181171 5.725827 4.950247 32.656435 6.599335 1.959358 1.387490 53.858739 1.753820 0.113203 4.032924 0.140885 3.066514 0.055596 4.027639 5.065713 4.253697 21.437759 5.407375 1.337145 6.026628 1.724449 5.414384 1.572298 6.505363 13.334583 12.434958 9.502703 11.337890 21.918870 11.854678 4.165592 4.672177 1.365036 2.909545 1.147678 3.313835 5.740890 4.396624 5.188129 2.976528 2.386009 3.434562 2.472302 1.391403 2.290814 1.978781 2.036613 1.593937 2.098668 1.687305 2.091587 2.390215 2.242568 2.298699 1.867055 1.715759 2.171172 2.165981 1.757643 2.481491
 122.011505 89.462383 67.813342 59.169678 170.816888 11.191347 8.232574 6.717532 31.583642 8.560506 6.102715 14.496312 4.542428 10.703907 8.545100 27.628695 20.713660 16.664712 77.122387 31.108621 22.213989 16.325312 41.867728 23.014679 22.471061 12.290833 30.214566 18.716351 16.207579 11.821538 24.245830 66.434260 32.019651 24.886888 20.005145 40.907989 31.101221 24.668128 105.127452 54.379281 37.053671 27.916705 75.815505 43.114468 37.888713 21.604856 56.683001 34.241087 28.498958 20.147059 45.522529 82.958684 44.271935 35.914100 28.687101 82.726736 122.362315 106.154619 89.169645 53.146011 55.714480 10.402533 8.997572 5.668859 4.069504 3.095051 13.855124 10.583932 7.155999 9.922352 6.429697 4.494785 7.593818 3.242486 2.790473 1.844546 26.229621 22.841118 14.762844 10.159506 8.335349 26.672943 36.002379 26.965493 17.682743 25.575884 23.191486 34.453224 16.565557 11.627714 18.686087 14.394841 25.747237 16.685879 8.463396 7.135598 10.870987 18.529544 12.092677 8.761581 5.327396 8.153496 23.732903 18.869722 8.162563 4.918436 42.945833 37.315760 25.258698 18.020927 15.163296 41.931088 59.519376 42.955773 27.037132 39.181138 38.118011 56.243750 27.209410 18.953875 28.378969 24.838726 41.741248 29.267093 15.254782 14.075831 19.240405 32.371165 22.904220 16.443762 10.964239 15.477642 38.822367 30.601388 15.719332 9.585791 40.374012 8.753516 7.821776 7.908129 38.999240 2.473364 2.581983 2.185047 63.083447 0.172427 0.200015 5.418478 0.109997 4.294796 3.379811 7.994568 6.942273 7.339232 21.663567 1.990721 2.148779 7.810579 1.844426 6.850290 6.935390 24.124711 18.680294 19.106634 35.425742 15.653149 15.641654 5.640652 6.000130 6.514758 4.189013 3.990950 5.384304 8.165042 3.862764 5.935680 4.590390 2.999572 6.961812 3.674414 2.743841 1.497933 3.648260 3.445029 3.964527 2.677606 4.188375 3.343216 3.804502 2.879890 3.416483 3.220065 2.477569 3.387562 3.704546 2.569947 2.486915
 188.723436 155.935643 76.690943 69.460737 90.960135 35.061531 12.092510 9.622798 14.036949 12.681515 9.345444 12.459561 5.274970 7.164684 5.627806 73.429978 26.617799 21.102801 31.108621 88.717236 31.682387 23.636556 32.184788 35.376292 34.131560 14.184165 19.463139 28.023140 25.538390 13.660415 15.032272 38.801588 32.118531 18.383620 15.404061 93.814208 36.634789 29.511285 42.362501 129.389815 48.196008 37.106829 50.313104 66.869571 60.143210 24.772368 34.215428 54.393975 46.711968 23.504375 26.734928 67.010472 53.821679 30.280155 27.290490 91.209313 140.216539 128.690831 84.692466 65.255949 71.705800 12.163424 11.541504 5.484821 5.512722 2.545433 16.893760 11.633394 8.137424 10.734349 8.755947 6.449676 8.055769 3.934944 4.085300 1.900459 30.000833 28.755008 13.987662 14.110677 7.185922 31.296389 43.827526 30.087715 20.368774 27.957589 28.998272 41.609223 21.808012 16.220286 19.646438 14.281253 28.015620 22.014807 10.191029 10.106266 14.170062 21.354946 16.602626 10.386458 5.346531 6.945948 25.035852 20.668050 10.812676 5.435042 48.995129 46.151858 24.465304 24.344766 14.153297 50.545958 73.754116 48.264751 32.930118 44.342023 46.265984 66.852544 33.521798 25.544444 30.354767 25.875026 44.782901 36.930997 18.270918 17.647343 24.455351 37.522894 29.797072 19.033430 11.149550 15.196591 40.195222 35.042261 18.255619 11.922315 59.842750 30.730564 10.212086 9.194586 10.757828 63.333652 11.623948 8.562035 9.612350 2.464370 1.694749 2.271968 0.152259 0.289464 0.158356 21.809663 11.274733 10.012140 10.723356 6.193017 5.488637 6.446813 1.959276 2.354752 2.469807 21.138903 23.776884 21.271517 25.430834 19.535236 25.298749 8.581104 9.334503 6.011172 6.185137 2.204714 8.270709 8.151064 5.213202 6.661923 7.787700 5.452155 6.325372 3.455032 4.412291 1.736870 4.070908 4.398138 3.340918 4.019681 3.245200 4.127709 4.121004 3.432557 3.438236 4.254022 3.506150 3.659596 3.879829 4.083473 2.325244
 84.450443 193.851085 234.261284 88.162963 114.197455 12.652006 12.774238 5.291531 8.412624 44.699391 12.609243 15.822224 13.666233 17.686248 6.810404 34.189893 36.751672 14.165827 22.213989 31.682387 113.088445 31.588672 40.272554 28.949265 94.335474 30.637523 39.291288 13.999618 33.682642 38.112986 18.162611 21.232174 41.027907 49.048997 18.165332 61.040028 69.907495 25.553485 37.508589 48.537102 166.717014 49.345147 63.601433 41.762493 123.923861 43.522369 55.572568 24.552128 60.567274 71.116712 32.523853 33.467241 68.970150 85.884652 31.459701 105.965551 156.003038 176.997335 100.966320 94.298948 80.692048 13.769023 13.102457 8.546529 6.833363 3.003027 20.942271 12.131131 11.963357 12.385126 10.460790 10.977715 11.030625 3.806334 5.615194 3.612261 34.473834 33.278369 22.300174 18.078196 8.613644 35.749579 54.159663 33.017649 30.290794 33.292571 33.394532 50.848243 26.189306 27.958236 26.759824 20.495785 29.611450 27.382900 10.186464 13.467539 17.216960 29.007338 27.244162 10.790223 9.359253 8.283205 29.919507 28.447292 15.261855 9.578232 56.083276 55.505102 37.042778 31.341344 18.023639 57.724960 90.656983 55.853904 47.649989 53.199504 52.824697 79.333480 41.632329 43.229722 40.361976 32.287146 48.269084 48.844182 21.307065 22.729272 28.697803 46.344342 46.439470 20.460413 16.986773 17.723797 49.029801 48.456165 25.774219 18.776369 12.495440 40.093301 67.833186 12.766646 13.357692 3.108674 12.510949 0.183944 0.251726 65.115529 4.145722 3.347781 11.602897 13.130785 0.221957 7.542968 11.573870 2.306171 2.674512 21.922027 7.600463 7.811343 11.644486 11.978897 2.401993 29.790903 25.116588 37.694967 30.788353 30.810251 23.767629 8.388201 9.602669 9.298107 5.849372 2.497856 11.314084 6.924256 8.607829 6.430068 8.304373 12.141606 9.842178 3.134788 7.263733 3.775011 5.144719 5.376894 6.103257 5.539931 3.299659 5.362731 4.973606 5.064070 4.505718 5.450520 6.429328 5.200087 3.988747 5.344453 4.173733
