 580.386748 128.079423 115.474119 109.494048 100.669735 122.540324 36.450207 31.599551 29.653528 26.994649 34.479451 9.548601 8.823862 7.840854 10.466359 8.204548 7.549313 9.549712 8.072208 8.452287 7.444037 70.503277 62.546397 58.966349 53.675083 67.999648 111.921012 26.879082 24.749130 21.795433 29.344383 96.724868 27.042635 23.247129 21.066219 26.960463 90.590942 24.975631 23.400345 22.883111 24.230028 81.313152 22.222351 21.442197 23.122439 21.575594 105.995418 29.442161 26.662726 23.944841 21.070807 88.849448 78.251121 73.550419 66.707058 85.419217 223.937993 48.585268 45.002715 39.874021 52.372801 190.540428 48.362173 42.111416 37.789446 47.717652 177.531905 44.302433 42.037346 40.534245 43.682150 154.661158 39.240323 37.670997 40.130077 38.682252 211.407532 52.410012 47.273157 43.386532 38.750883 298.882033 52.754505 46.493632 44.158672 40.855049 51.389910 74.805104 73.174797 72.572428 72.481076 73.404552 3.727224 3.223287 2.881169 4.313284 2.918811 2.615577 3.651432 2.569533 3.280641 3.003978 28.526927 28.498579 28.489492 28.484460 28.513540 8.595040 7.774855 7.119496 9.322319 7.943491 7.475012 8.985002 7.588502 8.368777 7.802210
 128.079423 578.168357 110.354167 106.841063 101.626665 113.414439 36.248030 9.688640 8.772349 7.602086 10.846172 29.952575 29.073393 28.091452 30.944363 7.652784 7.280293 8.468737 7.962921 7.672849 6.939106 110.028282 26.833478 24.258006 21.064923 29.964521 70.095713 58.965878 57.473261 55.158190 61.056872 27.740471 88.808702 21.391387 20.063309 23.586206 25.241336 85.631482 21.494441 22.128079 21.572911 22.011964 82.160765 20.304667 22.389611 19.669437 30.705783 91.629793 23.368831 21.438978 19.397756 217.895488 48.122987 44.191538 39.202056 53.368829 88.796358 73.184700 71.103024 67.803765 75.701006 50.161458 166.605090 38.040334 35.241004 41.105649 45.759325 156.816484 37.592614 37.873141 37.714561 39.840559 147.662476 34.681041 37.738253 34.184305 55.146928 171.829949 40.647294 37.984953 34.941671 50.389433 298.884034 42.409584 42.220820 42.144559 43.813775 75.071238 3.791692 3.421857 3.149266 3.854313 74.213534 73.904830 74.149246 74.144487 2.743926 2.584101 2.833034 2.715329 2.801923 2.663070 28.526181 7.894282 7.358895 6.935433 8.489484 28.502945 28.502202 28.503629 28.505376 7.113398 7.060220 7.352113 7.552062 7.218314 7.065530
 115.474119 110.354167 570.690800 101.657225 97.916576 108.058441 9.700554 31.834840 8.137775 7.205009 9.779432 30.754188 7.633212 7.152688 8.368673 28.552518 28.100329 30.256940 7.044017 6.979230 6.410620 26.885726 96.254168 22.407949 19.818739 26.999018 27.450478 91.913876 21.286654 19.771233 23.398399 62.306737 59.546820 55.305387 54.207919 58.884292 23.616420 21.470660 84.295449 19.567056 19.689631 20.990376 20.051903 81.591132 19.679634 18.159314 27.640427 23.244849 88.945616 19.484459 17.858417 48.672795 188.907935 40.305718 36.394928 48.007369 50.311442 175.706428 37.948036 35.420617 41.327770 77.893439 72.783991 67.483698 65.491682 71.850936 43.111266 37.400426 156.571173 34.259000 34.885099 37.853420 34.399207 145.402014 33.396287 31.632953 49.588655 40.601401 166.596407 34.870724 32.441140 39.805241 38.430872 298.880333 38.592677 39.711399 40.053204 2.915101 73.988745 3.279923 3.113621 3.254474 74.474677 2.678200 2.550591 2.651187 74.627853 74.824035 74.572387 2.313542 2.588770 2.461032 7.278630 28.492036 6.684131 6.553106 7.291945 28.497020 6.419693 6.439517 6.659462 28.503201 28.507238 28.502275 6.118501 6.212247 6.224463
 109.494048 106.841063 101.657225 566.966866 98.890897 101.385560 8.825815 8.178797 30.120149 7.338869 8.837658 7.497882 30.265271 7.442380 7.748361 28.972439 6.683952 7.136023 29.290655 28.555067 6.160029 24.511020 22.584894 90.606719 19.949151 24.305240 25.043609 21.015385 90.132976 20.378751 21.644783 23.568753 21.078249 85.839447 18.356908 19.994624 58.958695 58.472869 55.708234 56.459852 55.021191 21.511091 21.021401 18.666961 85.323985 17.505568 25.224345 21.681052 19.825144 84.548137 17.231287 45.113284 40.639712 179.003297 36.378348 43.576102 46.463339 37.708972 172.247213 36.118041 38.367150 43.191959 37.553613 163.374515 32.852443 35.557773 73.342466 70.740647 67.395828 67.940678 66.586540 38.503746 35.811081 31.921061 151.477495 30.516891 45.953357 38.315480 35.251921 160.525399 31.718207 34.976445 35.717825 36.038080 298.879000 40.682584 34.590209 2.122836 2.925740 73.825606 3.859208 2.849774 2.515408 74.414029 3.129266 2.383153 74.791381 2.576951 2.284637 75.077684 74.645208 2.394977 6.219240 6.114961 28.478336 6.772248 6.148221 6.029429 28.492150 7.042291 5.928082 28.495079 6.252041 5.663958 28.505194 28.491165 5.923263
 100.669735 101.626665 97.916576 98.890897 561.712834 95.232234 7.760889 7.340044 7.436431 28.045955 7.786637 6.931000 7.347270 29.795915 6.994422 6.482166 28.910928 6.542983 29.640258 6.136937 27.455641 21.668135 20.317605 20.298564 83.941816 21.454279 22.020736 19.405452 20.276566 88.238707 19.535664 21.059508 19.420036 18.025312 84.269316 18.247539 21.682723 20.685625 18.250746 86.690392 17.278216 54.297579 56.668096 55.005249 56.806395 52.325838 22.307136 19.649829 18.210337 17.255121 80.961594 40.631593 37.226998 36.913639 167.448383 39.085477 41.283908 35.156194 36.087446 168.406800 35.038327 38.627128 34.599847 32.660255 157.186559 32.442233 39.603122 35.873863 32.576805 160.525550 30.821002 66.259472 67.485917 65.270025 67.578384 62.361877 41.206996 35.262099 32.837532 31.745966 155.172044 29.264638 32.282373 33.590282 36.972644 298.876169 30.271419 1.670098 2.493615 3.385964 73.955720 2.465738 2.391040 3.181368 74.773726 2.239442 2.522605 75.094046 2.142305 75.194752 2.338556 74.928145 5.091498 5.176721 5.826576 28.465900 5.053480 5.352200 6.178530 28.488236 5.087720 5.609653 28.493690 4.994095 28.498691 5.211163 28.486143
 122.540324 113.414439 108.058441 101.385560 95.232234 572.804569 10.539357 9.474658 8.519520 7.393183 34.856493 8.282527 7.798589 7.112398 31.477487 7.126515 6.706898 30.447077 6.776619 27.836642 26.438277 29.227318 26.219451 23.449849 20.311972 106.206930 29.703866 23.154308 21.706326 19.646002 93.731145 27.119040 23.158389 19.939382 18.465819 89.873666 24.762188 21.902180 20.036701 18.795517 81.965164 21.741386 20.058863 18.777046 19.076583 77.289332 67.871974 61.453052 59.099888 54.425327 51.379804 52.726859 46.793395 42.188545 37.264455 210.003927 53.902188 41.050876 38.392080 35.021791 177.566291 48.753180 40.604257 35.593461 32.577070 166.879540 45.201749 38.021211 35.384191 32.829601 151.703872 39.566801 34.625606 32.313512 32.635200 138.995913 85.208444 75.451410 72.130973 66.721228 62.724470 45.682211 40.930392 41.588089 38.176187 36.730241 298.881482 3.415624 3.625411 3.514223 3.441108 74.171149 2.678117 2.598286 2.516002 74.268447 2.395425 2.305290 74.516206 2.129160 74.344901 74.548799 8.357524 7.823420 7.162570 6.788852 28.503330 7.023366 6.632569 6.406831 28.497042 6.335178 6.211800 28.502557 5.737049 28.498335 28.498392
 36.450207 36.248030 9.700554 8.825815 7.760889 10.539357 7.973594 2.084091 1.819574 1.530787 2.356754 1.998236 1.791022 1.591501 2.202031 0.627373 0.555359 0.754950 0.591283 0.655585 0.557686 18.181123 4.562620 3.993658 3.358636 5.149253 18.188019 4.416475 3.965239 3.478196 4.878302 6.599815 6.169162 1.853714 1.619197 2.224728 5.789122 5.506070 1.874782 1.747704 1.966904 4.888114 4.903471 1.670033 1.786534 1.707751 7.430327 6.749676 2.195425 1.930068 1.641085 24.596382 6.124346 5.393956 4.560260 6.914897 24.855716 5.969931 5.367653 4.679569 6.559034 13.259265 11.998532 3.375588 2.916822 4.000343 11.766482 10.635329 3.422423 3.099799 3.610241 9.891347 9.422918 3.031733 3.172760 3.161403 14.930258 13.030332 3.910721 3.487894 3.000325 17.255321 17.626160 3.273700 2.906382 2.578741 3.687329 23.487366 1.796410 1.618279 1.460708 1.823475 1.736427 1.508819 1.374096 1.933756 0.032461 0.028906 0.041203 0.028486 0.037907 0.033777 7.199450 1.955180 1.764044 1.637389 2.089918 2.121006 1.863252 1.708210 2.293226 0.435308 0.394256 0.517543 0.393034 0.465259 0.418069
 31.599551 9.688640 31.834840 8.178797 7.340044 9.474658 2.084091 6.932792 1.706473 1.476733 2.066521 1.940867 0.627280 0.546959 0.746809 1.650151 1.526495 1.931772 0.538961 0.593088 0.513355 4.566024 15.940067 3.755823 3.233827 4.555473 6.536184 5.965195 1.825534 1.579640 2.178345 15.816403 4.326199 3.670094 3.353630 4.319325 5.470530 1.872440 5.119488 1.594379 1.783554 4.762003 1.651600 4.691220 1.624536 1.572227 6.509160 2.185902 5.867754 1.743839 1.507197 6.168770 21.142442 5.000488 4.323390 6.094223 13.261948 11.761294 3.318498 2.889173 3.920676 21.044681 5.774086 4.913520 4.431398 5.744358 11.048662 3.379478 10.013115 2.858490 3.274173 9.503390 2.992552 8.894806 2.882569 2.887646 13.007239 3.895493 11.311157 3.163575 2.767729 13.157880 2.949997 14.882109 2.782015 2.566260 3.171740 1.313081 22.647824 1.515046 1.475568 1.476738 1.547632 0.035236 0.030180 0.042197 1.308611 1.203059 1.552494 0.024537 0.033434 0.029569 1.816460 7.165048 1.644683 1.597337 1.782959 2.050593 0.408555 0.373645 0.471113 1.915955 1.816579 2.159641 0.362836 0.418953 0.386965
 29.653528 8.772349 8.137775 30.120149 7.436431 8.519520 1.819574 1.706473 6.613881 1.574402 1.871323 0.612170 1.751471 0.545971 0.659388 1.637236 0.503289 0.603291 1.611945 1.662920 0.491441 4.001812 3.758154 15.169550 3.382115 4.097874 5.743774 1.794745 5.362742 1.571228 1.927769 5.437933 1.816962 5.054314 1.466417 1.783892 15.016057 3.897530 3.640082 3.578491 3.725411 5.110386 1.656098 1.518350 4.984285 1.511139 5.929868 1.939949 1.762186 5.125571 1.451021 5.444552 5.004810 19.961132 4.445864 5.454485 11.939419 3.285105 10.717453 2.887880 3.493308 11.025284 3.295027 10.056143 2.691812 3.227839 19.782427 5.142569 4.834477 4.714994 4.973045 10.004047 2.952135 2.713568 9.347261 2.752931 11.996846 3.482153 3.173272 10.188293 2.717132 11.519937 2.472264 2.598875 13.984309 2.791684 2.711390 0.951678 1.326767 22.476200 1.875829 1.313258 0.033785 1.332374 0.035091 0.035466 1.264506 0.027122 0.030280 1.157910 1.355807 0.029236 1.511092 1.516199 7.153652 1.725515 1.530678 0.380350 1.816938 0.395779 0.397652 1.906393 0.383309 0.393952 1.841022 1.972913 0.390541
 26.994649 7.602086 7.205009 7.338869 28.045955 7.393183 1.530787 1.476733 1.574402 6.269570 1.620700 0.519535 0.532173 1.531978 0.552832 0.481866 1.480171 0.514319 1.577232 0.482708 1.427761 3.370260 3.239626 3.385259 14.271771 3.523296 4.857850 1.526247 1.545675 4.675745 1.617694 4.730373 1.541644 1.422828 4.491722 1.520052 5.129056 1.593879 1.449130 4.862623 1.456440 14.033616 3.366295 3.264051 3.516315 3.189242 5.177458 1.632450 1.507787 1.431906 4.419344 4.601672 4.325195 4.442644 18.577799 4.676561 10.314280 2.826231 2.854352 9.500805 2.961521 9.706010 2.800021 2.644682 8.894085 2.756948 10.328596 2.837781 2.643875 9.512417 2.665579 18.009431 4.371469 4.237337 4.570562 4.203216 10.645456 2.958950 2.748651 2.678323 9.051760 9.682841 1.969645 2.152219 2.528961 12.757900 2.229736 0.708371 1.101703 1.598733 22.581878 1.121395 0.029133 0.035569 1.171924 0.031967 0.025427 1.108828 0.026653 1.114107 0.028139 1.218805 1.204072 1.258396 1.472254 7.145250 1.263228 0.307619 0.351256 1.631141 0.321427 0.344609 1.760607 0.328281 1.808079 0.353856 1.805743
 34.479451 10.846172 9.779432 8.837658 7.786637 34.856493 2.356754 2.066521 1.871323 1.620700 7.533516 0.764245 0.691373 0.595360 2.245840 0.626906 0.557839 2.058827 0.570447 1.772744 1.559461 5.162106 4.564115 4.102558 3.523663 17.412217 7.341873 2.232378 2.009491 1.716639 6.842912 6.524070 2.260559 1.851182 1.624190 6.289082 5.996574 2.064579 1.879003 1.689053 5.506890 5.235943 1.804498 1.684354 1.729286 4.888655 17.241444 4.985034 4.534627 3.946207 3.443209 7.001453 6.128297 5.477604 4.700907 23.507020 14.690558 4.033187 3.629857 3.118184 13.190201 12.938591 4.072088 3.368219 2.924390 11.985669 12.065249 3.732571 3.437851 3.028182 10.729363 10.442994 3.291939 3.054208 3.088168 9.424191 23.327349 6.659565 6.027940 5.312071 4.636932 15.166296 3.437560 3.307759 3.028197 2.755559 16.839583 1.577160 1.707145 1.699119 1.694529 22.768430 0.039297 0.034952 0.032378 1.868890 0.027582 0.025819 1.664444 0.023751 1.536398 1.435304 2.111086 1.945146 1.806103 1.732897 7.179870 0.500020 0.452766 0.412616 2.294276 0.434709 0.403739 2.240806 0.384774 2.070819 1.946066
 9.548601 29.952575 30.754188 7.497882 6.931000 8.282527 1.998236 1.940867 0.612170 0.519535 0.764245 6.860650 1.512281 1.400322 1.651932 1.535786 1.453301 1.710471 0.494992 0.510197 0.449957 6.137591 5.951170 1.739270 1.476283 2.174744 4.426666 15.572349 3.362904 3.080617 3.702441 4.345228 15.367338 3.373643 3.164467 3.772327 1.865333 4.656510 4.723712 1.446101 1.517819 1.609838 4.331284 4.432522 1.473619 1.361627 2.256518 5.027673 5.164455 1.486619 1.310504 12.338907 11.866430 3.138427 2.719087 3.859476 6.033003 20.289749 4.465801 4.077451 4.938454 5.836493 19.734556 4.433990 4.110258 4.938427 3.457650 8.863401 9.080751 2.535519 2.724857 2.999380 8.135267 8.252989 2.555087 2.443629 4.080410 9.668424 9.886998 2.663292 2.385623 2.768735 12.720065 14.174706 2.354271 2.266042 2.449300 1.241207 1.517449 0.044661 0.040525 0.045581 23.174474 1.191104 1.151992 1.142101 1.217866 1.137356 1.250599 0.023251 0.024878 0.023533 1.794328 1.900622 0.381569 0.351431 0.432118 7.169124 1.567766 1.557044 1.605805 1.749929 1.731058 1.807735 0.314096 0.329934 0.314516
 8.823862 29.073393 7.633212 30.265271 7.347270 7.798589 1.791022 0.627280 1.751471 0.532173 0.691373 1.512281 6.770607 1.545575 1.565801 1.572512 0.473927 0.532762 1.635422 1.567123 0.452904 5.520533 1.791442 5.361573 1.507816 1.970238 3.986872 3.370491 15.375552 3.360156 3.499462 1.889129 4.656284 4.803073 1.366720 1.562792 3.924008 15.115709 3.453674 3.584008 3.453853 1.654011 4.817565 1.413050 5.004857 1.373169 2.053681 4.775919 1.543144 4.777056 1.321121 11.372243 3.233293 10.936748 2.802705 3.537900 5.470833 4.496699 19.970111 4.391040 4.653440 3.479329 9.086111 9.419407 2.473279 2.795397 5.242992 19.197490 4.492782 4.607348 4.504474 3.026289 8.891546 2.466497 9.152057 2.436699 3.742044 9.239597 2.743929 9.332969 2.435657 2.325521 11.869078 2.215252 14.228273 2.612722 2.206232 0.904756 0.041188 1.368921 0.048289 0.040051 1.094495 23.070030 1.440186 1.041149 1.188926 0.023875 0.021990 1.190919 1.214670 0.022744 1.516099 0.352187 1.773957 0.375567 0.368266 1.499104 7.167137 1.804880 1.469306 1.774897 0.333942 0.312072 1.904904 1.791537 0.328476
 7.840854 28.091452 7.152688 7.442380 29.795915 7.112398 1.591501 0.546959 0.545971 1.531978 0.595360 1.400322 1.545575 6.732251 1.438828 0.465597 1.533988 0.474500 1.658598 0.456118 1.437108 4.948126 1.570727 1.556003 4.708708 1.703341 3.508830 3.096327 3.369494 15.205453 3.180709 1.646552 4.326557 1.362754 4.606180 1.391784 1.667251 4.795227 1.384310 5.023872 1.356305 3.391425 14.837370 3.312106 3.629644 3.133852 1.776299 4.424961 1.380849 1.338499 4.392797 10.412072 2.891372 2.890776 9.880829 3.108449 4.801485 4.131046 4.417138 19.644835 4.213525 3.038150 8.495966 2.501043 8.901493 2.496326 3.047868 9.011176 2.473765 9.482105 2.417328 4.463588 18.593857 4.208441 4.621500 4.031537 3.272398 8.713914 2.492280 2.467715 8.787809 1.871812 10.948144 1.930731 2.365192 14.310838 1.895823 0.745571 0.032503 0.041283 1.287686 0.032608 1.052239 1.457755 23.327323 0.996566 0.022585 1.133757 0.019533 1.193528 0.020887 1.162801 1.257480 0.288468 0.333745 1.677468 0.300921 1.333765 1.600333 7.167756 1.291438 0.301252 1.781070 0.269952 1.915192 0.297542 1.770138
 10.466359 30.944363 8.368673 7.748361 6.994422 31.477487 2.202031 0.746809 0.659388 0.552832 2.245840 1.651932 1.565801 1.438828 7.043800 0.528277 0.478721 1.749764 0.503296 1.547419 1.384090 6.746418 2.131447 1.874647 1.569474 6.884219 4.890761 3.704477 3.493566 3.166942 15.997907 2.236907 5.050646 1.546492 1.381820 5.303840 2.008631 4.796854 1.566587 1.467731 4.743353 1.720074 4.432740 1.429107 1.504446 4.277486 4.995431 15.865982 3.846683 3.434279 3.054526 13.419378 3.787563 3.367768 2.870021 13.588767 6.642555 4.954632 4.637559 4.176838 20.830467 4.085635 9.728135 2.781283 2.458461 10.066513 3.728445 9.070872 2.803773 2.561729 9.056722 3.225816 8.306450 2.531637 2.619603 8.068542 6.699830 20.463212 5.029086 4.534875 4.039897 3.247288 13.617289 2.547460 2.430040 2.290254 14.661407 1.426438 0.053241 0.049870 0.045841 1.547674 1.167674 1.152961 1.141461 23.079554 0.023653 0.022713 1.228961 0.021814 1.237732 1.174437 2.069982 0.454497 0.417714 0.383738 2.075043 1.705711 1.633116 1.592837 7.170813 0.337293 0.323180 1.826367 0.316086 1.784408 1.741122
 8.204548 7.652784 28.552518 28.972439 6.482166 7.126515 0.627373 1.650151 1.637236 0.481866 0.626906 1.535786 1.572512 0.465597 0.528277 6.670590 1.339102 1.445836 1.401034 1.410803 0.382476 1.799385 5.045007 4.991660 1.349813 1.773460 1.860720 4.721388 4.799319 1.328937 1.535878 3.698036 3.384074 14.918901 2.880762 3.182391 3.667978 3.457425 14.835857 3.040400 3.094030 1.504808 1.401608 4.118946 4.288992 1.163642 1.864511 1.542584 4.391827 4.322897 1.119409 3.297356 10.149918 10.086885 2.452069 3.148951 3.482477 9.365996 9.475420 2.382142 2.736394 4.996266 4.460590 19.132529 3.744421 4.179285 4.924327 4.491608 18.848453 3.926023 4.044979 2.783432 2.469606 7.725685 7.999793 2.099223 3.423245 2.757126 8.622962 8.596698 2.090816 2.144739 1.985008 12.071994 12.966943 2.014759 1.866616 0.026282 1.215373 1.335524 0.045518 0.034221 1.093527 1.144854 0.025360 0.020638 23.460727 1.165508 0.998544 1.031629 1.117291 0.020502 0.336146 1.513070 1.648534 0.322018 0.325086 1.501727 1.594218 0.299163 0.283062 7.170075 1.548302 1.401683 1.487871 1.521975 0.252483
 7.549313 7.280293 28.100329 6.683952 28.910928 6.706898 0.555359 1.526495 0.503289 1.480171 0.557839 1.453301 0.473927 1.533988 0.478721 1.339102 6.773760 1.376367 1.473814 0.391828 1.334806 1.603208 4.682813 1.417578 4.499060 1.582874 1.652505 4.462697 1.366374 4.634682 1.394591 3.393494 3.186895 2.892407 15.055681 2.999368 1.553006 1.415645 4.173488 4.461337 1.175793 3.296447 3.320059 14.888310 3.196217 2.906629 1.668280 1.406257 4.191874 1.154514 4.070479 2.996503 9.591196 2.571412 9.319042 2.855737 3.128569 8.943734 2.459577 9.171524 2.514423 4.559112 4.182634 3.788732 19.102870 3.909759 2.903771 2.524299 8.228861 8.641709 2.156055 4.349560 4.231616 18.571099 4.049924 3.735054 3.101453 2.550846 8.322957 2.156553 8.232411 1.803766 1.747040 11.706137 1.856304 13.658217 1.644389 0.020031 1.052732 0.038513 1.225993 0.028053 1.016427 0.024690 1.073970 0.018280 1.124329 23.672747 0.946622 1.001465 0.018877 1.046965 0.277497 1.321272 0.287717 1.639484 0.273434 1.355835 0.268715 1.634127 0.244795 1.422216 7.172216 1.280731 1.540259 0.230016 1.557854
 9.549712 8.468737 30.256940 7.136023 6.542983 30.447077 0.754950 1.931772 0.603291 0.514319 2.058827 1.710471 0.532762 0.474500 1.749764 1.445836 1.376367 6.980989 0.430366 1.421199 1.283606 2.166584 5.892326 1.704785 1.449769 6.302023 2.230668 5.219443 1.541997 1.363386 5.330428 4.348012 3.780584 3.179910 2.985217 15.664778 1.850448 1.583280 4.433758 1.262686 4.381922 1.607308 1.427656 4.186197 1.288352 3.983266 4.558711 3.858165 15.622623 3.125410 2.804309 3.908036 11.660684 3.028235 2.621756 12.467170 4.119947 10.167449 2.742231 2.443703 10.317944 5.843122 4.970940 4.182436 3.869781 20.084808 3.464468 2.824159 8.579395 2.260311 8.494782 3.014567 2.546535 7.816566 2.271282 7.562262 6.103333 5.059943 20.019729 4.118396 3.704554 2.783631 2.312533 13.949057 2.078909 1.985222 13.712747 0.039500 1.455300 0.043630 0.043235 1.356278 1.170195 0.023611 0.022455 1.167548 1.051863 1.039627 23.339131 0.019483 1.147243 1.105454 0.429073 1.920515 0.364359 0.342385 1.835838 1.741622 0.310919 0.298543 1.673224 1.564557 1.554878 7.172367 0.252538 1.551151 1.542853
 8.072208 7.962921 7.044017 29.290655 29.640258 6.776619 0.591283 0.538961 1.611945 1.577232 0.570447 0.494992 1.635422 1.658598 0.503296 1.401034 1.473814 0.430366 6.985725 1.350034 1.336484 1.699897 1.523501 4.853752 4.717036 1.601891 1.752823 1.435848 4.921847 4.952314 1.452772 1.635623 1.465591 4.286133 4.397923 1.267947 3.633955 3.613773 3.061565 15.504826 2.945668 3.559844 3.646989 3.202525 15.465368 2.932310 1.720587 1.484662 1.261821 4.138455 4.068580 3.201012 2.759206 9.814980 9.596699 2.872528 3.322811 2.597788 9.589050 9.624644 2.585574 3.085574 2.689344 8.598336 8.615590 2.316392 4.910423 4.704950 4.012160 19.687566 3.846314 4.734633 4.688236 4.083972 19.399397 3.788269 3.250893 2.722841 2.332424 8.348393 8.279841 1.920293 1.959151 1.720755 12.866497 13.894662 1.583379 0.020556 0.030899 1.318694 1.466253 0.029882 0.020167 1.289213 1.276765 0.017812 1.062310 1.089531 0.015580 23.797985 1.003452 1.029801 0.303992 0.275824 1.520379 1.737094 0.276275 0.262652 1.615182 1.824926 0.255082 1.432869 1.604486 0.219738 7.174506 1.360732 1.509307
 8.452287 7.672849 6.979230 28.555067 6.136937 27.836642 0.655585 0.593088 1.662920 0.482708 1.772744 0.510197 1.567123 0.456118 1.547419 1.410803 0.391828 1.421199 1.350034 6.550904 1.178537 1.879143 1.680294 5.074503 1.346426 5.424539 1.940650 1.484112 4.782701 1.298995 4.731934 1.789721 1.504107 4.340132 1.134556 4.361333 3.748894 3.452626 3.089588 2.922920 14.544282 1.516928 1.377610 1.176125 4.136121 3.690034 3.957164 3.436352 3.118093 14.712384 2.581171 3.429135 2.986783 10.292290 2.427833 10.924412 3.609057 2.656403 9.395405 2.305375 9.263558 3.311489 2.711932 8.646673 2.064220 8.533335 5.045682 4.485276 4.028115 3.755032 18.406617 2.826548 2.439114 2.096974 7.737423 7.079523 5.340604 4.529710 4.088707 18.854306 3.421597 2.306028 2.035778 1.929181 12.739411 1.893160 11.432513 0.030840 0.038990 1.358541 0.051568 1.166076 0.021404 1.114553 0.024792 1.029676 1.048486 0.020736 0.993353 0.952994 23.321937 1.060945 0.360834 0.334359 1.713940 0.330355 1.497264 0.289747 1.620168 0.296234 1.448841 1.531300 0.254831 1.378686 1.412283 7.165501 1.427708
 7.444037 6.939106 6.410620 6.160029 27.455641 26.438277 0.557686 0.513355 0.491441 1.427761 1.559461 0.449957 0.452904 1.437108 1.384090 0.382476 1.334806 1.283606 1.336484 1.178537 6.403652 1.603886 1.456819 1.376318 4.362850 4.805327 1.652776 1.309896 1.300223 4.370368 4.257667 1.548326 1.326087 1.122090 4.033336 3.960493 1.514305 1.346682 1.142065 4.057721 3.682232 3.208362 3.129280 2.895753 2.915752 14.083264 3.459275 3.061303 2.802476 2.584995 14.278864 2.974011 2.631367 2.475532 9.121015 9.897606 3.104014 2.371832 2.316278 8.719693 8.505729 2.872446 2.396806 2.067482 7.949478 7.829499 2.830273 2.390029 2.088636 7.915968 7.310402 4.266673 4.009654 3.694164 3.716148 17.551774 4.671562 4.042438 3.684580 3.428155 18.193054 1.879100 1.724594 1.662653 1.709342 12.166247 10.136887 0.024351 0.032405 0.043823 1.298940 1.013830 0.020073 0.024281 1.060046 0.940553 0.019127 0.984790 0.909319 0.922189 1.022138 23.532277 0.293594 0.278244 0.291711 1.600797 1.239761 0.248386 0.263026 1.550665 1.235437 0.228715 1.492607 1.204657 1.377487 1.251768 7.163892
 70.503277 110.028282 26.885726 24.511020 21.668135 29.227318 18.181123 4.566024 4.001812 3.370260 5.162106 6.137591 5.520533 4.948126 6.746418 1.799385 1.603208 2.166584 1.699897 1.879143 1.603886 46.343530 11.075177 9.698581 8.158166 12.510942 37.966359 12.863427 11.611146 10.271836 14.207668 13.731803 19.001060 5.223733 4.588945 6.278465 12.115900 17.062342 5.291840 4.935481 5.548374 10.285020 15.377047 4.747841 5.053806 4.838793 15.395374 20.646927 6.170863 5.417572 4.619695 68.985730 15.996565 14.092257 11.937160 18.101431 49.223943 16.830782 15.206574 13.369370 18.512945 26.221889 36.756577 9.339408 8.109871 11.083036 23.390750 32.764545 9.479612 8.593499 9.986793 19.867211 29.420095 8.458346 8.818010 8.793295 29.283231 39.498394 10.753063 9.582143 8.273824 35.521524 50.248736 9.231408 8.325592 7.483793 10.349958 51.773451 3.109871 2.794348 2.530517 3.161527 7.700407 6.789534 6.229977 8.541144 0.153304 0.137330 0.193456 0.135821 0.178937 0.160333 17.463784 4.774519 4.346521 4.046935 5.135709 6.393576 5.704633 5.302053 6.855105 1.333226 1.217753 1.563697 1.221298 1.422861 1.291122
 62.546397 26.833478 96.254168 22.584894 20.317605 26.219451 4.562620 15.940067 3.758154 3.239626 4.564115 5.951170 1.791442 1.570727 2.131447 5.045007 4.682813 5.892326 1.523501 1.680294 1.456819 11.075177 40.513051 9.075287 7.784365 11.079023 13.583125 18.246233 5.126666 4.459857 6.113018 33.590014 12.611199 10.650362 9.766233 12.537225 11.505427 5.272925 15.638814 4.425639 4.973452 10.011411 4.679374 14.418321 4.514645 4.393510 13.644975 6.122269 17.833060 4.844886 4.191554 16.091624 58.584851 12.940135 11.170419 15.890473 26.344394 35.577448 9.128139 7.984693 10.791456 42.756406 16.352600 13.833634 12.520909 16.207449 22.241640 9.365228 30.315916 7.801932 8.975927 19.199833 8.344036 27.107674 7.878548 7.935896 25.957677 10.700623 34.014898 8.617908 7.548677 28.025360 8.273680 42.629466 7.716115 7.158369 8.828436 2.349148 50.707990 2.675659 2.551970 2.638910 6.868194 0.167595 0.144420 0.198380 5.836811 5.418261 6.872364 0.117006 0.158362 0.140866 4.437838 17.393355 4.038796 3.923479 4.397695 6.158822 1.231831 1.136009 1.410818 5.757911 5.489953 6.427947 1.073082 1.243887 1.157206
 58.966349 24.258006 22.407949 90.606719 20.298564 23.449849 3.993658 3.755823 15.169550 3.385259 4.102558 1.739270 5.361573 1.556003 1.874647 4.991660 1.417578 1.704785 4.853752 5.074503 1.376318 9.698581 9.075287 38.324434 7.976135 9.874678 11.993462 5.014633 16.410550 4.406762 5.391026 11.427815 5.081137 15.400831 4.060043 4.962672 31.884544 11.357588 10.535479 10.207935 10.799905 10.542289 4.651356 4.205267 14.985127 4.162685 12.369762 5.411214 4.884925 15.555999 3.982401 14.176559 12.934418 54.903724 11.263331 14.095846 23.837685 8.998396 32.375986 7.906294 9.573218 22.206255 9.074405 30.366140 7.310733 8.836544 40.292019 14.582717 13.587076 13.051848 13.988651 19.957202 8.173696 7.399157 27.881493 7.468289 23.917528 9.531361 8.629240 30.502763 7.302541 24.666081 7.002200 7.180683 39.874939 7.558447 7.435556 1.702781 2.382253 50.559761 3.227122 2.339082 0.160199 5.992967 0.169131 0.167644 5.653204 0.129668 0.142799 5.212584 6.072792 0.139292 3.703708 3.694525 17.370892 4.150871 3.723247 1.145675 5.515164 1.198139 1.191859 5.714801 1.124342 1.157051 5.483668 5.905227 1.139083
 53.675083 21.064923 19.818739 19.949151 83.941816 20.311972 3.358636 3.233827 3.382115 14.271771 3.523663 1.476283 1.507816 4.708708 1.569474 1.349813 4.499060 1.449769 4.717036 1.346426 4.362850 8.158166 7.784365 7.976135 35.753193 8.423121 10.149198 4.264495 4.309576 14.396602 4.517986 9.883106 4.308738 3.918621 13.665055 4.215297 10.537272 4.444846 3.988549 14.514437 3.991196 29.594906 9.845576 9.423730 9.963461 9.240136 10.714825 4.545075 4.166071 3.914696 13.423400 11.977360 11.136860 11.232269 50.661626 12.011465 20.617942 7.738738 7.770691 28.829202 8.105246 19.444566 7.706550 7.147215 26.768770 7.517660 20.480201 7.805204 7.168793 28.164017 7.191221 36.562214 12.464858 11.910734 12.602351 11.828879 21.119406 8.093989 7.451689 7.171378 27.064732 20.668249 5.633276 5.963525 6.817748 36.161150 6.069352 1.303940 2.006212 2.811340 50.741319 2.013431 0.139314 0.171920 5.319512 0.152114 0.122195 5.017169 0.126911 5.017856 0.135061 5.497913 2.946260 3.048412 3.520564 17.347404 3.031881 0.929300 1.055366 4.993632 0.962129 1.003916 5.282074 0.960560 5.352243 1.020222 5.418212
 67.999648 29.964521 26.999018 24.305240 21.454279 106.206930 5.149253 4.555473 4.097874 3.523296 17.412217 2.174744 1.970238 1.703341 6.884219 1.773460 1.582874 6.302023 1.601891 5.424539 4.805327 12.510942 11.079023 9.874678 8.423121 44.634664 15.228435 6.242526 5.628800 4.827730 20.975974 13.711184 6.334526 5.150692 4.529664 19.296117 12.540850 5.799268 5.229643 4.654788 16.853573 10.912023 5.093223 4.703230 4.772505 15.065779 36.705072 14.512328 13.166824 11.431207 10.022669 18.276948 15.955180 14.150637 12.095736 66.044150 29.098016 11.062883 9.951782 8.580145 40.117203 25.966069 11.228410 9.209965 8.006621 36.593299 24.141204 10.308568 9.404819 8.199027 32.576488 20.931162 9.140724 8.381892 8.381452 28.779179 47.278874 18.785165 16.953751 14.878965 13.031477 32.137138 9.651458 9.252090 8.356959 7.573940 48.289852 2.788348 2.989827 2.920462 2.866635 50.866913 0.184802 0.166015 0.154355 8.261714 0.130527 0.122738 7.378244 0.112857 6.866605 6.452842 5.165370 4.779307 4.404670 4.193069 17.433585 1.503918 1.364154 1.248889 6.865229 1.290848 1.202379 6.696945 1.126184 6.229781 5.900988
 111.921012 70.095713 27.450478 25.043609 22.020736 29.703866 18.188019 6.536184 5.743774 4.857850 7.341873 4.426666 3.986872 3.508830 4.890761 1.860720 1.652505 2.230668 1.752823 1.940650 1.652776 37.966359 13.583125 11.993462 10.149198 15.228435 46.682396 10.881597 9.789691 8.515609 12.018817 20.861557 13.065230 5.433101 4.757871 6.504100 18.435671 11.743275 5.502640 5.121681 5.764255 15.611715 10.355900 4.909293 5.230634 5.005904 23.379354 14.340316 6.420513 5.652098 4.807280 48.847776 17.692460 15.699540 13.335556 19.870319 70.576732 15.882019 14.302204 12.390034 17.411964 42.056020 24.416574 9.795979 8.478971 11.572025 37.586072 21.827957 9.953810 9.011868 10.481157 31.590616 19.189648 8.814354 9.200024 9.170534 47.299269 26.627645 11.344322 10.133037 8.711548 50.292331 36.481367 9.721374 8.756338 7.742801 10.901764 51.483248 7.961156 7.267795 6.621722 8.042570 3.012932 2.605474 2.331852 3.436879 0.151733 0.135587 0.191890 0.132962 0.176666 0.157766 17.469382 6.023260 5.523030 5.177397 6.335848 5.195145 4.600855 4.199344 5.628794 1.408534 1.281400 1.661213 1.273104 1.501918 1.349983
 26.879082 58.965878 91.913876 21.015385 19.405452 23.154308 4.416475 5.965195 1.794745 1.526247 2.232378 15.572349 3.370491 3.096327 3.704477 4.721388 4.462697 5.219443 1.435848 1.484112 1.309896 12.863427 18.246233 5.014633 4.264495 6.242526 10.881597 39.145570 8.244018 7.500170 9.128823 12.777471 32.265101 9.904369 9.284314 11.013049 5.418785 9.946795 14.557798 4.137783 4.359738 4.680695 9.177553 13.650323 4.212715 3.909785 6.527848 10.787880 15.843244 4.275631 3.769421 24.690704 35.970072 8.875509 7.696795 10.885742 15.986984 55.407095 11.715692 10.642050 13.000809 16.823697 39.872172 12.728854 11.799423 14.120214 9.966122 18.231720 27.878419 7.181468 7.740225 8.639446 16.637832 25.309868 7.222801 6.933035 11.707676 19.886982 30.260647 7.575761 6.778809 8.084960 27.076689 40.270761 6.839191 6.578329 7.168163 2.298243 6.684681 0.212109 0.193723 0.214022 51.252120 2.135197 2.033542 2.090748 5.366449 5.050111 5.489375 0.109637 0.117198 0.111449 4.396613 5.756630 1.199783 1.115041 1.350374 17.382079 3.846240 3.825381 3.962087 5.345723 5.282967 5.502306 0.973641 1.031198 0.987218
 24.749130 57.473261 21.286654 90.132976 20.276566 21.706326 3.965239 1.825534 5.362742 1.545675 2.009491 3.362904 15.375552 3.369494 3.493566 4.799319 1.366374 1.541997 4.921847 4.782701 1.300223 11.611146 5.126666 16.410550 4.309576 5.628800 9.789691 8.244018 38.564427 8.048781 8.571429 5.438194 9.915656 14.721509 3.893284 4.468693 11.507448 31.797695 10.062676 10.286028 10.069544 4.750157 10.074881 4.014636 15.064624 3.886189 5.905430 10.212320 4.415213 14.634990 3.749361 22.840869 9.082437 33.078255 7.838481 9.928001 14.460761 11.762728 54.350778 11.268725 12.169462 9.928922 18.616209 28.776728 6.956413 7.902098 15.098552 38.931206 12.821072 12.954125 12.858309 8.625363 18.019303 6.934679 27.469237 6.827720 10.671599 18.981358 7.764727 28.490751 6.828109 6.831503 25.315388 6.400707 40.118725 7.339182 6.372041 1.674588 0.194456 6.101528 0.231583 0.188715 1.998027 51.182845 2.543441 1.901449 5.247680 0.113598 0.103774 5.252851 5.349377 0.108229 3.721910 1.103860 5.410043 1.174931 1.146435 3.648394 17.378412 4.347574 3.585146 5.390530 1.027971 0.966799 5.698330 5.448309 1.006580
 21.795433 55.158190 19.771233 20.378751 88.238707 19.646002 3.478196 1.579640 1.571228 4.675745 1.716639 3.080617 3.360156 15.205453 3.166942 1.328937 4.634682 1.363386 4.952314 1.298995 4.370368 10.271836 4.459857 4.406762 14.396602 4.827730 8.515609 7.500170 8.048781 37.922614 7.699213 4.699499 9.105335 3.843024 14.030732 3.949804 4.746674 9.991877 3.897986 15.073871 3.811323 9.890744 30.996537 9.550924 10.323778 9.081009 5.061337 9.323258 3.918922 3.768560 13.424383 20.667744 8.052366 8.011007 29.851119 8.648501 12.553253 10.707742 11.290294 53.166322 10.906057 8.588637 17.202243 6.963503 27.075703 7.000320 8.625043 18.178546 6.904093 28.499986 6.735264 12.769393 37.438506 11.895781 12.875072 11.430791 9.240099 17.654996 6.989964 6.864571 26.737438 5.463666 23.137342 5.563680 6.628569 39.910010 5.405919 1.343381 0.154628 0.198587 5.765447 0.154419 1.911482 2.606786 51.585614 1.799208 0.108078 5.024826 0.093114 5.252989 0.099611 5.151474 3.043248 0.902476 1.031861 5.132501 0.927503 3.209574 3.808195 17.375671 3.092596 0.921533 5.381195 0.831045 5.704770 0.902838 5.364481
 29.344383 61.056872 23.398399 21.644783 19.535664 93.731145 4.878302 2.178345 1.927769 1.617694 6.842912 3.702441 3.499462 3.180709 15.997907 1.535878 1.394591 5.330428 1.452772 4.731934 4.257667 14.207668 6.113018 5.391026 4.517986 20.975974 12.018817 9.128823 8.571429 7.699213 40.197767 6.463566 10.841701 4.441833 3.976337 16.239261 5.819942 10.284290 4.497218 4.179272 14.532990 4.984503 9.402333 4.104769 4.279567 13.159074 14.572385 33.391295 11.219007 10.042144 8.968998 27.053138 10.686187 9.514706 8.112325 41.115965 17.562733 13.039333 12.155443 10.876151 56.766742 11.695620 20.038543 7.892213 6.986502 30.722266 10.712505 18.725350 7.958780 7.221558 27.620873 9.261752 17.013947 7.181214 7.368970 24.652830 19.188158 41.462689 14.374400 12.976835 11.588046 9.448790 29.005681 7.452955 7.045263 6.581018 41.347482 2.677249 0.250193 0.236254 0.218314 6.782782 2.124329 2.070615 2.008858 51.057333 0.111206 0.107610 5.403094 0.102679 5.440875 5.202252 5.085322 1.427836 1.310821 1.205487 6.171993 4.213354 4.015885 3.893241 17.385276 1.054368 1.010977 5.540062 0.972094 5.432693 5.317008
 96.724868 27.740471 62.306737 23.568753 21.059508 27.119040 6.599815 15.816403 5.437933 4.730373 6.524070 4.345228 1.889129 1.646552 2.236907 3.698036 3.393494 4.348012 1.635623 1.789721 1.548326 13.731803 33.590014 11.427815 9.883106 13.711184 20.861557 12.777471 5.438194 4.699499 6.463566 40.328135 10.765299 9.134815 8.270727 10.769113 17.451968 5.572855 11.013865 4.788181 5.326282 15.249797 4.912613 10.037972 4.882393 4.694097 20.674551 6.486097 12.661777 5.214628 4.501954 18.083481 42.643494 14.824157 12.837351 17.887523 42.230281 24.227319 9.795651 8.504955 11.524023 58.841617 15.475702 13.201623 11.797016 15.400632 35.057631 9.935482 20.761354 8.490012 9.670824 30.231201 8.798664 18.442470 8.582027 8.534652 41.322947 11.460454 23.493513 9.384047 8.192844 38.854241 8.934780 31.802740 8.455138 7.755760 9.607097 5.809838 50.018098 6.717443 6.563700 6.493514 2.854028 0.163317 0.139852 0.195834 2.317852 2.086099 2.836840 0.115108 0.155471 0.137654 5.662864 17.378337 5.190037 5.069486 5.522258 5.084789 1.328634 1.210380 1.532391 4.776850 4.511079 5.391250 1.196894 1.378658 1.271062
 27.042635 88.808702 59.546820 21.078249 19.420036 23.158389 6.169162 4.326199 1.816962 1.541644 2.260559 15.367338 4.656284 4.326557 5.050646 3.384074 3.186895 3.780584 1.465591 1.504107 1.326087 19.001060 12.611199 5.081137 4.308738 6.334526 13.065230 32.265101 9.915656 9.105335 10.841701 10.765299 38.244543 8.234490 7.673834 9.220042 5.472027 14.344910 9.967687 4.228733 4.417720 4.723081 13.399933 9.331076 4.312815 3.962362 6.608542 15.414641 10.910348 4.331156 3.814948 37.896756 24.002647 9.023872 7.799413 11.063234 17.458065 40.400675 12.883007 11.776434 14.158059 15.543244 53.280752 11.616657 10.692307 12.920251 10.015153 27.075756 18.404728 7.308131 7.817783 8.700283 24.993812 16.783670 7.390379 7.019057 11.829270 29.480014 20.017353 7.660062 6.849088 8.296603 36.169301 29.881961 6.981805 6.699198 7.248835 5.436378 2.869056 0.208689 0.189613 0.212744 51.024632 5.209502 5.039698 4.989941 2.175070 2.020950 2.245348 0.109791 0.116985 0.110289 5.497526 4.662093 1.219849 1.122645 1.375594 17.368586 4.828301 4.799120 4.913876 4.285712 4.243814 4.418418 1.013454 1.059462 1.009993
 23.247129 21.391387 55.305387 85.839447 18.025312 19.939382 1.853714 3.670094 5.054314 1.422828 1.851182 3.373643 4.803073 1.362754 1.546492 14.918901 2.892407 3.179910 4.286133 4.340132 1.122090 5.223733 10.650362 15.400831 3.918621 5.150692 5.433101 9.904369 14.721509 3.843024 4.441833 9.134815 8.234490 37.007132 6.887064 7.742196 10.856288 10.103023 30.666672 8.881430 9.100309 4.399682 4.052697 8.533893 13.182254 3.369889 5.451283 4.461733 9.236344 13.348831 3.241840 9.406125 20.393459 30.797289 6.981487 8.992910 10.058148 18.828114 28.904631 6.787405 7.812523 13.280146 11.639591 51.556455 9.627371 10.904823 14.303464 12.865920 37.511681 11.226129 11.651471 8.067368 7.061800 15.495331 24.480189 6.006787 9.915662 7.872277 17.397677 26.365896 5.963023 6.412068 5.851788 25.411760 36.723579 5.907539 5.522700 0.122804 2.301157 5.883622 0.215809 0.160459 2.002587 5.022364 0.120445 0.097282 51.601719 2.050214 1.808154 4.582832 4.919773 0.097039 1.067219 3.696156 5.085041 1.040408 1.034161 3.646748 4.880215 0.960320 0.898292 17.371248 3.718912 3.392013 4.611108 4.720873 0.809637
 21.066219 20.063309 54.207919 18.356908 84.269316 18.465819 1.619197 3.353630 1.466417 4.491722 1.624190 3.164467 1.366720 4.606180 1.381820 2.880762 15.055681 2.985217 4.397923 1.134556 4.033336 4.588945 9.766233 4.060043 13.665055 4.529664 4.757871 9.284314 3.893284 14.030732 3.976337 8.270727 7.673834 6.887064 37.001425 7.190323 4.476260 4.031294 8.593850 13.418327 3.358124 9.599099 9.543757 30.598909 9.123969 8.396135 4.805682 4.007755 8.693602 3.299719 12.370255 8.418746 19.066097 7.223423 27.995994 8.025616 8.901411 17.848662 6.910021 27.645395 7.071311 11.938059 10.780091 9.685690 50.800787 10.038918 8.286006 7.101062 16.359254 25.926111 6.074338 12.454216 11.951274 36.794736 11.364787 10.583354 8.845618 7.173518 16.595960 6.071605 24.860596 5.313405 5.100097 24.354381 5.398567 37.500383 4.778691 0.094043 1.980913 0.183607 5.420066 0.132352 1.891708 0.118324 4.708523 0.086679 2.008121 51.943856 1.704837 4.430959 0.090206 4.609154 0.870845 3.173441 0.917974 4.997032 0.858723 3.253132 0.855084 4.932214 0.769063 3.370211 17.367326 3.039272 4.685206 0.729725 4.761372
 26.960463 23.586206 58.884292 19.994624 18.247539 89.873666 2.224728 4.319325 1.783892 1.520052 6.289082 3.772327 1.562792 1.391784 5.303840 3.182391 2.999368 15.664778 1.267947 4.361333 3.960493 6.278465 12.537225 4.962672 4.215297 19.296117 6.504100 11.013049 4.468693 3.949804 16.239261 10.769113 9.220042 7.742196 7.190323 38.958095 5.413243 4.583855 9.359676 3.668657 13.476843 4.701161 4.132331 8.764423 3.746577 12.306004 13.365266 11.206693 32.460412 9.187843 8.269275 11.140724 23.679330 8.677587 7.492306 37.952318 11.879725 20.580665 7.842462 6.976587 31.305546 15.526293 12.972714 10.926209 10.002156 54.094319 10.016955 8.057988 17.429684 6.467767 25.924204 8.723818 7.272228 15.826993 6.520846 23.165364 17.597701 14.415526 40.051247 11.861659 10.675627 8.302938 6.822262 29.568749 6.160527 5.822570 38.598734 0.184746 2.790030 0.205344 0.203426 5.908438 2.125121 0.111099 0.105529 5.083190 1.888040 1.822427 51.332887 0.091970 5.028311 4.847485 1.369762 4.732292 1.169973 1.098757 5.544380 4.258027 0.992365 0.950522 5.084609 3.813635 3.763852 17.374986 0.804922 4.800501 4.784387
