 888.015737 354.114582 318.427215 266.978946 327.250833 67.674722 57.314289 49.526872 62.042183 36.108281 26.476742 31.222702 19.318828 27.303241 24.178487 137.676786 117.720039 101.674790 126.300390 192.364657 93.141205 68.948526 82.511985 160.296046 89.926080 50.460291 70.865503 138.655575 66.327274 50.215645 61.447875 178.113516 79.427136 70.414577 63.472554 184.479530 156.122245 136.898052 168.914752 343.615261 159.668686 117.078574 146.299522 287.081916 146.836866 88.197614 123.009934 263.619184 113.586053 90.049246 105.309058 321.818420 132.569376 119.833732 108.517198 305.277150 513.510750 399.330703 341.886726 293.603383 301.178600 39.992370 29.736306 19.639555 19.776177 14.634389 51.517440 37.010645 41.959547 46.608592 32.607484 30.898067 26.715388 20.678582 12.227233 7.498574 99.233896 76.813067 53.155897 52.766969 40.134884 104.766543 131.663519 97.461031 104.465785 121.853408 77.189194 132.679096 81.326220 79.031765 69.911654 50.635139 90.127210 78.927324 50.582178 32.230647 47.389814 100.126491 73.741991 50.383294 20.219379 37.269402 108.554983 65.682100 34.407810 23.597186 163.879755 129.260122 98.060240 95.361973 73.427686 169.380495 215.588156 161.938204 162.544672 191.888199 129.504392 225.093702 130.336059 129.413052 119.180636 88.450733 152.709558 125.889994 84.852015 61.708224 78.356296 159.743396 114.507027 83.957423 44.236638 66.369021 174.013311 113.536761 71.964747 55.259466 298.873625 45.143667 43.469955 43.168713 46.988736 92.849990 86.643186 89.375969 91.743564 3.006975 2.616129 3.824411 2.495137 3.548848 3.130707 35.616851 35.629594 35.655897 35.658641 12.106504 9.994081 11.420979 8.843711 10.667815 10.916898 101.996469 84.166876 78.736847 94.932426 90.056353 80.457713 28.751082 20.896367 16.531657 20.383694 14.418387 29.450249 25.525437 34.017753 22.807813 31.314155 32.269773 20.260960 30.114657 12.512116 7.068310 14.662113 13.239516 13.053765 15.096854 13.929834 14.020141 13.770470 16.357256 12.729094 14.956673 19.069062 11.928505 18.332925 13.369263 10.212157
 354.114582 1065.137171 424.740896 358.774862 397.536311 68.445466 31.216707 25.170290 31.953440 91.520729 70.649290 73.375088 26.227152 34.057611 31.216377 184.433749 80.328528 65.970492 82.834402 149.087198 193.552096 150.071150 157.539665 80.768397 241.936105 68.801471 88.599976 64.460922 187.167071 67.169511 78.786129 83.920962 198.017682 87.931302 80.023776 333.510414 136.158064 119.189959 143.382565 206.503064 269.423668 209.798402 224.088483 135.297641 412.208708 121.342240 153.973426 114.945882 329.989400 118.114849 132.440497 141.858138 349.458281 151.703451 138.565797 393.338086 634.265572 467.799920 337.017774 314.811897 453.070550 47.009252 41.414034 30.140223 23.197861 19.035209 61.094080 43.573536 40.127573 68.542731 35.507603 26.769253 41.767000 12.778338 16.424539 11.984977 116.114870 102.017103 76.561743 60.568975 51.965322 125.992418 156.650936 112.528190 101.455967 180.765070 110.904075 161.331765 90.792710 71.400244 109.077796 77.316448 108.978102 88.922318 33.858184 43.328467 57.349987 100.458354 65.926165 33.512348 34.619693 49.981963 154.841400 98.615701 43.665553 32.819011 192.466831 162.577465 126.764214 104.562870 99.861351 213.393399 255.659513 183.861195 160.357859 290.319960 186.968818 274.156929 148.195315 122.704652 181.503820 130.590210 185.680711 146.922011 66.168901 84.667448 99.671780 169.877934 111.335719 64.119469 75.767900 90.431241 236.833400 152.333374 80.119097 64.678116 58.475435 298.897646 69.485280 62.874299 56.918870 92.141546 6.080499 4.428057 5.662592 95.119136 93.560272 92.443126 5.535543 4.831074 4.452358 35.630785 14.695033 12.320733 13.187272 35.672003 35.667013 35.647262 13.545745 13.908348 12.900260 117.040120 124.978876 111.190415 93.300603 119.633473 130.178677 37.406543 34.017376 33.417949 28.137080 21.812262 32.229285 31.230030 31.021877 43.337913 31.918715 29.164244 38.167316 12.647630 20.938837 15.433272 19.338229 20.565146 22.495811 18.822065 19.665669 19.872801 18.007018 18.504246 20.421496 19.697095 19.478898 21.286072 13.977768 18.124550 18.764284
 318.427215 424.740896 998.134937 307.698937 355.875369 33.502492 58.338290 21.458300 28.095460 91.678356 31.430036 34.179216 50.861677 66.574847 26.666654 84.862401 160.290755 56.405760 72.900044 89.161086 252.875693 81.672615 89.260332 122.829278 185.557287 107.655189 138.028474 55.402493 78.399615 137.901173 67.311874 74.104206 88.264241 183.850493 68.644779 145.138186 287.706913 100.851332 125.138937 149.815515 454.327128 139.821879 157.239017 165.529847 245.844450 148.516489 188.749827 99.536089 132.711443 254.852864 114.098809 125.628408 152.349546 329.338467 116.483089 304.780005 606.337646 401.309884 373.607650 319.426351 399.415796 40.847064 37.406089 26.536371 24.975274 16.753780 53.334296 51.311730 44.369568 59.978056 30.419924 24.907191 38.886701 15.412753 16.681385 14.011761 108.565955 97.119943 70.656397 64.661953 47.357692 106.458303 139.206423 128.046900 113.749304 160.098465 95.855361 142.716747 79.132557 68.368665 100.516236 64.132316 125.095455 76.333310 40.361757 41.777654 61.358812 108.931026 62.148235 40.470523 39.025197 44.131997 138.415946 93.206793 45.815357 37.164601 188.045583 158.252475 119.557449 107.020608 92.204417 174.794587 230.453082 198.440653 179.561913 257.977383 153.444162 254.201745 134.936476 123.540056 166.272833 104.412377 203.837887 126.785436 75.779018 79.717008 98.830924 181.522456 104.305234 73.305823 78.254619 78.617907 215.254458 140.994696 85.309023 69.084260 48.265819 60.035217 298.880101 42.978874 50.352662 4.579142 87.658937 2.706526 3.949724 95.409263 3.411723 4.471399 84.799825 92.502474 3.939380 12.502681 35.662555 9.455726 10.935921 35.676340 11.821699 12.019580 35.664649 35.688299 9.898824 84.919279 110.154023 78.768887 116.900684 114.145953 107.183841 29.139216 31.456633 26.748277 28.911529 19.364056 27.934081 40.988516 34.921348 34.356927 21.993215 23.681000 36.460615 18.199244 20.918474 19.630723 18.136102 17.695091 18.273011 22.825494 18.001636 17.142424 19.352076 20.874438 20.027049 15.825343 18.528145 19.965739 18.936534 18.800775 20.449639
 266.978946 358.774862 307.698937 868.616417 313.027597 26.271884 21.372667 50.074994 23.906400 35.358154 68.620922 29.163321 50.751653 25.011735 60.462547 67.056118 55.371740 141.218039 62.639968 70.127194 90.686563 191.768397 76.353590 55.319722 87.407166 142.761635 65.562288 101.441752 136.640813 102.850584 122.777178 63.545908 74.535062 64.036690 168.584879 118.213668 95.462504 263.375358 110.143589 119.098065 154.334738 347.141324 134.609560 93.780501 145.422194 265.292819 114.238475 135.567146 177.956376 136.745699 161.127232 108.393895 129.563669 109.201339 306.658121 270.007229 519.220072 418.971592 321.480498 217.777952 367.639409 37.134482 31.370695 23.462635 14.565908 12.652754 51.909879 40.178653 29.208458 53.084779 30.125570 16.708708 31.878800 11.987225 15.245967 7.430081 95.092595 81.324410 59.732696 38.344050 36.214035 99.236212 134.636879 102.352004 71.291636 141.067829 79.244830 132.747282 75.076839 42.809525 82.752996 58.293115 101.913121 75.965243 29.369317 41.054878 36.881174 77.766445 45.268045 33.288940 23.115869 34.522394 119.205422 75.507800 38.624539 20.100400 160.628187 133.998430 101.503699 66.042972 73.517220 168.334570 221.854879 168.694418 110.780882 231.421848 128.439022 225.294448 121.788298 75.134227 136.730679 95.592117 173.935132 125.157817 51.321045 77.838790 67.455180 144.473151 85.330089 66.088699 56.698790 67.283406 186.092669 120.786004 72.969073 41.326691 42.175859 46.029665 37.739705 298.873500 45.840639 2.442395 2.204119 89.876039 2.881303 2.494468 93.838567 2.802029 87.937182 2.560669 91.494224 9.063046 7.800289 35.632691 9.593956 10.085058 35.678676 10.208410 35.624887 9.059631 35.627045 69.993116 85.683686 100.777852 90.184428 85.709521 98.792204 28.894295 25.144903 25.067848 14.441619 13.837768 29.288312 28.959941 20.707518 31.642851 24.381448 16.095987 26.481973 15.454488 22.012436 9.167960 15.281200 14.452383 14.414957 10.647203 11.799046 15.303913 15.903481 12.283650 13.994091 15.146717 10.310901 14.202376 13.580911 16.469651 11.022068
 327.250833 397.536311 355.875369 313.027597 979.744664 31.943097 26.657417 22.484301 61.836966 39.140437 31.448749 75.658222 22.659754 65.692888 60.541036 82.418221 68.697845 59.277794 169.963786 85.451670 99.703454 81.461525 211.840046 69.301562 97.335286 60.147838 182.705133 58.209459 77.871678 58.257958 165.053806 133.407458 155.470961 136.030085 126.005014 142.354343 116.421192 106.212005 307.572836 145.907032 171.753885 140.099628 396.119365 118.170567 161.394736 106.576241 334.316183 105.635890 130.303910 101.934298 291.910666 183.474887 208.429704 184.347605 171.484347 346.284912 547.314585 519.862452 359.413919 285.252900 315.306026 38.456052 36.890174 22.243420 19.563079 17.213038 59.010681 39.986791 38.346800 50.950046 34.799319 25.395307 33.952719 14.584210 15.981044 9.521400 99.844974 96.987815 60.338839 52.747807 45.756318 103.668311 153.527714 107.356385 101.005101 132.463287 93.942962 148.731070 84.885533 66.092402 85.106732 56.873521 99.602435 90.464449 38.171592 39.191865 48.821521 91.823288 64.280315 38.100654 25.642297 47.448020 124.937821 86.469429 47.086046 28.641197 171.823729 165.476484 110.902157 96.353401 81.982948 173.786931 258.610532 181.389880 163.171118 210.591030 154.010508 248.163731 139.050397 114.433070 139.178791 97.551292 171.865635 156.869748 70.820381 72.521275 83.802536 152.917412 115.481237 69.910007 54.304266 83.332567 204.394164 148.303690 91.097872 60.129865 51.209260 48.893803 49.424966 51.104620 298.899097 3.486933 4.413259 5.113406 91.762817 3.970158 3.573310 93.459037 2.732314 92.056940 91.483328 12.186640 11.212531 11.934954 35.624213 11.460095 11.838531 35.703771 11.321007 35.675908 35.656973 125.051018 94.016547 129.526012 103.681863 89.454667 82.387561 26.208864 32.884723 20.234264 18.526078 19.767525 38.298074 28.096082 30.931502 27.054494 37.192471 27.988995 32.229138 19.583976 21.218140 14.699735 16.582357 18.047863 15.762457 16.608384 19.003815 17.660721 16.966955 15.980409 16.828268 17.574171 16.212992 16.617307 16.771859 16.435763 13.151850
 67.674722 68.445466 33.502492 26.271884 31.943097 15.062728 4.727936 3.593714 4.768672 5.693527 4.003789 4.773596 1.973204 2.693535 2.336497 33.216888 10.788533 8.245727 10.943742 34.999414 13.382936 9.547894 11.484228 13.433606 15.393454 5.222793 7.010387 10.174125 10.776529 5.188732 6.022942 13.472848 13.029167 7.067452 6.179322 43.158069 15.190906 11.976582 15.505098 46.853088 19.940034 14.142934 17.404465 24.504352 26.999201 9.140355 12.115436 19.991590 20.136690 9.381253 10.338643 24.496698 23.279704 12.190884 10.617496 28.896472 54.922578 42.332057 33.408108 29.798905 38.479538 3.963545 3.168737 2.024801 2.308318 1.449646 5.663434 3.948332 4.265534 6.205150 3.386653 3.134870 3.607398 1.421539 1.585976 0.997871 10.089051 8.514226 5.566921 6.102522 4.287603 10.215819 14.545619 10.480465 10.802513 16.358381 8.190408 14.481728 8.592748 8.212723 9.351746 5.299179 9.564697 8.218463 3.680501 4.308540 5.400136 10.141134 7.382498 3.534333 2.766730 3.566792 13.649170 8.682354 4.055221 2.935457 17.148840 14.535166 10.452864 10.914639 8.749518 16.435179 23.221674 17.121011 16.885921 25.764677 13.955169 24.554258 13.666641 13.657171 15.807180 9.333297 16.178569 13.366802 6.877532 8.367013 8.572779 16.089094 11.616464 6.349518 6.120561 6.387128 20.324153 14.035353 7.681814 6.336885 19.905512 14.684899 3.990891 3.157255 3.804125 29.124390 2.478782 1.867325 2.309511 1.325560 1.121813 1.689032 0.045673 0.054691 0.047461 8.959814 3.691585 2.994140 3.299979 2.988608 2.344226 2.730804 0.591865 0.725079 0.731864 8.055648 9.421732 8.211296 9.305631 8.708961 9.521186 2.950365 2.056843 1.652243 2.566045 1.165522 2.890738 2.541150 2.926395 3.402286 2.992444 3.156135 3.158581 1.466968 2.146184 1.093445 1.488350 1.465749 1.401462 1.614295 1.460005 1.644240 1.475320 1.729274 1.607392 1.630395 2.139364 1.607568 1.328839 1.793503 1.397219
 57.314289 31.216707 58.338290 21.372667 26.657417 4.727936 12.735402 2.873958 3.986739 5.423774 2.219760 2.536351 2.692267 3.921736 1.907881 10.689003 28.494825 6.653854 9.122620 13.707100 15.235080 5.811509 6.724310 29.051576 12.227780 6.390799 9.031927 8.239838 5.650455 7.581671 4.988010 11.493966 6.608234 11.161063 4.940366 15.004392 36.856150 9.799381 12.991948 25.149827 27.867271 9.818370 11.785489 37.985155 17.017019 9.411123 13.022204 16.313348 9.779628 14.932736 8.620911 21.203813 11.244224 20.485609 8.343991 28.799515 49.377380 36.467234 25.662499 27.383786 27.208952 4.019890 3.450514 1.981532 2.184642 1.777139 4.524476 3.415916 4.047236 4.304149 2.623377 2.858902 2.622627 1.592401 1.149292 0.798827 9.895573 8.754484 5.381824 5.743012 4.658050 10.553400 11.742942 8.678625 10.282464 11.367333 8.907104 12.083317 6.738025 7.561486 6.825906 5.113680 8.516866 6.712158 4.141249 2.838342 5.352189 9.657385 6.914972 3.994365 2.282929 4.436561 9.996416 6.535762 3.216682 2.349390 16.085991 14.157442 9.593819 9.762839 7.931923 17.104215 19.426015 13.792840 15.547873 17.978224 14.259079 21.195387 10.997551 12.380880 11.502704 8.908018 14.531147 11.295597 7.568622 5.340353 8.820837 15.249393 10.632719 6.462674 4.816349 7.739102 15.987718 10.847113 6.290447 5.180259 16.073127 3.305032 14.210944 2.319497 2.879892 1.899990 26.725696 1.209119 1.726489 1.333607 0.030107 0.044050 0.974444 1.488042 0.033486 3.042253 8.977398 2.340314 2.665278 3.031315 0.519494 0.621642 2.188522 2.657559 0.495983 7.344374 8.479663 7.291778 5.874366 8.295577 5.710801 2.798702 2.780483 1.473475 1.931764 2.159656 2.115287 2.040937 2.756890 1.874920 1.613729 2.896892 1.900628 1.999898 1.012004 0.499395 1.459047 1.560327 1.378843 1.747283 1.768068 1.213318 1.137601 1.640450 1.145000 1.308733 1.873972 1.176999 1.654083 1.015721 1.175424
 49.526872 25.170290 21.458300 50.074994 22.484301 3.593714 2.873958 11.227750 3.423106 2.353357 3.766054 2.055900 2.648943 1.745444 3.608294 8.152092 6.602811 25.237994 7.801272 10.508180 6.186534 10.797588 5.537340 8.100929 5.948674 7.556532 4.569384 25.141926 8.367120 6.085538 8.107784 10.203876 5.396784 4.619976 10.330390 11.682329 9.440750 32.907500 11.110699 19.366413 10.755904 20.191758 9.780147 14.840105 9.930776 14.504271 7.904864 32.644559 11.560590 8.800324 11.181343 18.998330 9.264987 7.903004 19.033006 20.108847 42.605420 32.976269 27.817150 15.272892 29.934179 2.886860 2.022699 1.826461 1.286546 0.952267 3.968444 3.237677 2.357796 4.037319 2.350860 1.786668 2.251085 1.007192 0.947885 0.467436 7.290414 5.467189 4.763270 3.231932 2.687519 7.620431 10.015451 8.105070 5.730184 10.659891 5.026998 10.063515 5.926888 4.306886 5.990613 4.466132 8.147834 5.738760 2.438768 2.665569 3.125441 6.024922 4.607299 2.660014 1.494356 2.381704 9.007622 5.362936 2.498443 1.320494 12.801482 9.841669 8.616736 5.375818 5.352627 12.730583 16.470987 13.639169 8.806307 16.912149 8.483699 17.258686 10.172924 6.873484 10.476087 7.423843 14.133742 9.319585 4.199297 5.619171 5.239264 10.866317 7.678970 5.129097 3.760112 4.293862 14.449444 9.136906 5.490064 2.820233 13.698531 2.305418 1.869551 14.167120 2.660634 1.109803 1.082269 27.961898 1.403915 0.020560 1.205775 0.032273 1.218426 0.023971 1.524140 2.169756 1.833479 8.968530 2.342200 0.448243 2.473341 0.557300 2.032049 0.420773 2.683951 4.849420 6.522720 7.095374 6.655797 4.072163 8.615324 2.099761 1.354034 2.037928 1.196210 0.838749 2.025771 2.527001 1.381635 1.977270 2.136305 2.026673 1.593927 1.054778 1.068472 0.211515 0.969787 0.778500 1.064273 0.786556 0.736892 0.955485 1.014360 0.778302 0.885580 0.998522 0.962254 0.935899 0.915002 0.805351 0.573259
 62.042183 31.953440 28.095460 23.906400 61.836966 4.768672 3.986739 3.423106 13.490639 3.075757 2.357968 4.966945 1.683404 4.120436 3.552814 10.971497 9.141211 7.826777 30.369450 13.889490 7.996810 6.263160 14.255366 11.357940 7.771630 4.526880 11.681874 9.833386 5.999589 4.444551 9.820801 31.268843 11.377465 9.551975 8.405589 15.716639 12.899694 11.333726 39.769906 25.400397 13.743123 10.787076 26.963763 20.749282 12.886011 8.059109 21.785873 19.325758 10.254789 7.975205 18.282597 41.848254 16.047808 13.724410 12.270679 26.491662 51.057178 43.026534 32.542222 28.373317 26.343537 3.393711 2.589280 1.870499 1.804867 1.274269 5.073788 4.087635 4.213782 4.340437 3.632526 2.713409 2.667782 1.663661 1.170687 0.607802 8.603056 7.155899 5.226785 5.015617 3.412156 8.887482 13.374644 10.823690 10.615507 11.068082 6.362076 12.518467 8.769268 6.797395 6.804085 4.701604 9.795106 9.005097 4.490206 2.894391 4.253928 9.726693 6.678084 4.014937 1.702606 3.401355 10.608025 6.714277 3.641991 1.941406 14.847456 12.905036 9.897425 9.363964 6.232540 14.350215 22.661343 17.919642 16.650334 17.217388 10.272987 21.150219 13.738472 11.440887 11.377281 7.798170 16.175868 14.605397 8.009415 5.470266 6.785571 15.041345 10.779174 6.930499 3.790673 6.105966 17.774483 11.937118 8.000042 4.860544 17.117354 3.285546 2.910676 3.041242 15.187628 1.631711 1.880160 2.459194 28.533958 0.033757 0.039698 1.672834 0.023266 1.630330 1.221400 3.084173 2.756126 2.966857 8.965071 0.634748 0.662163 3.022726 0.517004 2.635054 2.533766 8.691328 8.349877 7.689354 7.927644 8.684102 6.147445 1.966246 1.316914 1.509075 1.769646 1.314394 2.799702 3.093941 3.512854 2.149467 4.051305 3.033744 2.205808 2.268110 1.167847 0.344654 1.150371 0.978962 1.152877 1.326366 1.124434 1.317786 1.539420 1.467791 1.111859 1.704908 1.583197 1.092964 2.020455 1.118578 0.704584
 36.108281 91.520729 91.678356 35.358154 39.140437 5.693527 5.423774 2.353357 3.075757 21.084591 5.251510 5.854036 4.425571 5.740918 2.830693 15.509410 15.118043 6.260191 8.108023 13.670145 47.896844 12.499735 13.625899 12.475684 46.625139 10.313412 13.223848 6.178994 13.946835 12.273219 7.222251 8.154354 16.454049 16.176059 7.451072 28.453549 27.463044 11.454856 14.044074 20.106010 65.036679 19.054993 20.576280 17.795193 61.101135 15.375851 19.420329 11.257135 25.331250 23.387705 12.420286 13.901700 30.768751 30.284441 13.063943 40.906019 71.771824 47.754192 42.842248 42.646841 47.884834 5.091487 4.958596 3.447481 2.897795 2.122611 6.543889 5.730746 5.612136 7.380582 3.657296 3.400590 4.412370 1.841156 1.928830 1.679848 13.210290 12.015450 9.179071 7.911526 5.850707 13.523582 16.909456 14.747522 14.481979 19.634656 13.219412 17.440030 9.581002 9.214850 11.621525 8.490127 13.742831 8.990651 4.693901 4.777410 6.992536 13.699811 8.155131 4.959420 4.624668 5.572863 16.976282 10.641641 5.425295 4.513533 22.525902 18.934870 15.443490 13.715298 11.149481 22.416111 27.505218 23.409232 22.620887 31.387883 21.635825 30.206317 16.368198 15.742209 19.396818 14.006565 22.252514 14.806260 8.902818 9.097202 11.740636 22.118895 12.988135 9.230402 9.039910 9.766452 25.944600 16.337927 9.875841 8.197589 4.356210 20.449789 24.432901 3.645364 3.974115 2.131970 2.861955 0.043874 0.056727 30.380414 1.591578 2.128707 2.544409 2.215389 0.065858 3.215379 3.800369 0.686187 0.764495 9.009867 3.057715 3.122442 3.557241 3.651208 0.651399 11.164581 13.866217 9.047006 12.188633 17.677756 12.119754 3.398908 4.832051 3.843743 3.204536 2.380117 3.101210 4.536864 4.193678 3.952899 2.655296 3.708431 3.997033 1.918620 2.486132 1.940291 2.266625 2.278836 2.593338 2.538913 2.115602 2.123688 2.254164 2.761808 2.370265 1.778214 2.557198 2.324633 2.287008 2.061283 2.885067
 26.476742 70.649290 31.430036 68.620922 31.448749 4.003789 2.219760 3.766054 2.357968 5.251510 15.721095 4.600464 3.987072 2.434253 4.702684 10.973460 5.817514 10.783941 6.258739 9.722114 12.331607 35.656597 10.851110 5.792456 14.105562 11.380728 6.382860 8.439745 34.466981 8.994214 10.635010 6.310256 12.669011 6.434207 13.111934 20.922495 10.066017 21.107130 11.144624 14.427217 18.487956 47.644800 16.469031 9.775530 25.455549 21.694108 11.178022 12.081621 44.225127 12.833694 14.869329 10.821986 23.566726 11.269410 24.872630 26.762972 56.025039 45.298209 31.932622 23.364309 45.242588 3.777721 2.929780 2.534919 1.899447 1.488692 5.789549 3.868666 3.240195 7.205862 3.480969 1.925008 3.749684 1.288950 1.558947 1.009437 9.730316 7.692232 6.600304 5.083773 4.232162 10.063682 14.772203 10.342689 8.151708 18.973790 7.574376 14.904230 8.746587 5.085249 9.902024 6.183702 9.605675 8.503098 3.294531 4.327878 4.514721 8.452444 4.969385 3.338220 3.037724 3.924244 15.766630 8.835622 3.809582 2.742812 16.468670 12.902975 11.294723 8.686133 8.652738 16.860419 23.502119 17.569265 13.006337 30.640958 12.565023 24.648987 13.767459 8.910814 16.926822 9.757609 16.486796 13.435745 6.078878 8.540974 7.647759 14.800480 8.971518 6.292354 7.127344 7.329366 22.817187 13.660787 6.941734 5.436356 3.018490 15.701460 3.124825 21.662834 3.283020 1.061783 0.040745 2.006820 0.044592 1.123030 29.890981 1.317795 2.333871 0.039574 1.902303 2.081747 0.520539 3.087166 0.628241 2.427890 9.010164 2.436936 3.342659 0.522434 3.270873 6.668294 10.077593 12.528965 7.672127 7.200683 11.513003 2.617477 1.646669 2.720079 2.548190 1.635584 3.062135 2.176413 2.035857 4.876540 3.027141 1.501458 3.084824 1.600342 2.040279 1.332521 1.545634 1.344037 1.584736 1.317756 1.418087 1.817038 1.580039 1.379282 1.942685 1.856567 1.147347 1.830717 1.197794 1.585067 1.632007
 31.222702 73.375088 34.179216 29.163321 75.658222 4.773596 2.536351 2.055900 4.966945 5.854036 4.600464 16.117538 2.093963 4.907163 4.412816 13.439587 6.615275 5.554441 13.974603 11.502166 13.474525 10.809689 37.008065 6.671168 15.847161 5.605530 13.952721 5.411089 12.356700 5.460790 12.264483 11.665002 35.895216 11.311446 10.085839 25.017261 11.244307 10.041133 25.855826 16.994104 20.004844 16.041041 50.798402 11.380002 28.153341 9.971008 26.845283 9.938516 22.663694 9.664797 22.636722 16.698206 46.785160 16.419727 14.707509 38.200637 55.185770 51.318323 33.660364 27.987942 37.245511 4.145305 3.635909 2.724858 1.974790 2.127854 5.626857 4.055667 3.857826 5.850461 3.498393 2.546567 3.702904 1.323704 1.477161 1.255656 10.409713 9.444308 6.945116 5.289220 5.392071 11.150922 14.767438 10.788189 10.003967 15.458441 9.477738 14.442386 8.608348 6.755398 9.433699 7.046450 10.111409 9.029612 3.519583 3.852398 4.889042 9.558768 6.400096 3.474346 3.306925 5.773441 13.678186 9.234255 4.152532 3.661625 17.574933 15.926423 11.875559 9.460787 9.596042 18.657842 24.940066 17.824339 16.336006 24.784310 16.168602 24.624718 13.855931 11.752767 15.759275 11.911037 17.471707 15.386819 6.698831 7.461958 8.403152 16.149005 11.506975 6.507439 6.865597 10.190575 21.524238 15.505952 8.046628 7.148196 4.421944 15.931345 3.869449 3.673174 19.687114 1.440982 0.061448 0.064866 2.676053 1.851559 1.474763 29.246290 0.053026 2.062782 2.013381 3.017288 0.761071 0.867375 3.408017 2.862282 2.875336 9.010158 0.633359 3.182607 3.116677 12.972913 8.372680 12.377150 8.918387 7.776615 8.884733 2.873910 2.713236 2.990442 1.712890 2.967042 3.369668 2.681676 2.973639 3.265493 3.421012 2.930121 3.544545 1.461040 1.523770 1.898330 1.656507 1.704143 2.014575 1.583467 2.265276 1.611296 1.671594 1.598443 1.705806 1.759745 1.601861 1.718274 1.495597 1.404159 1.916169
 19.318828 26.227152 50.861677 50.751653 22.659754 1.973204 2.692267 2.648943 1.683404 4.425571 3.987072 2.093963 11.121591 3.203597 3.441410 5.067302 7.564355 7.654237 4.459206 5.350096 12.516312 11.404437 5.613671 6.335392 9.949352 25.248253 7.592378 6.044271 8.929489 24.433328 7.776910 4.519502 5.472873 8.798454 9.542309 8.805282 14.306677 14.847452 7.771499 8.974531 23.243795 21.335266 9.980824 9.133408 13.970747 33.099529 11.137793 8.765925 12.386990 31.238803 10.798988 7.641882 9.468453 16.037016 17.177761 20.695148 40.549186 30.121573 29.908351 17.104691 31.440114 3.067152 2.705060 2.220927 1.429109 1.211404 3.908789 3.562760 2.656998 4.239804 2.387736 1.199880 2.825608 0.980352 1.150802 0.666867 8.176324 7.369643 5.837291 3.819005 3.560620 8.002909 10.357249 9.068233 6.766587 11.794862 6.383573 9.995378 5.929421 3.271975 7.360794 5.233625 8.704114 6.026401 2.527992 2.933934 3.531700 6.804008 3.173722 2.684487 2.021637 3.197825 9.362085 6.481312 3.173563 1.881653 13.695615 12.180790 9.757360 6.509786 6.951894 13.065952 17.340607 14.876249 10.803316 19.859250 9.705244 17.521577 10.138870 6.203285 12.147534 7.955474 14.275989 9.820427 4.464183 5.901244 5.762417 11.770377 5.983715 5.549833 4.796935 5.915686 14.347638 10.054674 6.189526 3.804737 2.064809 2.561763 11.715369 13.923298 2.363923 0.030956 0.854745 1.175214 0.026892 1.084268 1.438463 0.038455 27.074086 0.961850 1.661793 0.430981 1.751404 2.165022 0.421892 2.393071 2.783922 0.460846 8.959408 1.975407 2.323795 5.196892 5.762483 5.119379 8.662392 4.574617 7.657157 1.801039 2.409116 2.176288 1.098944 1.185211 1.905224 2.695994 1.981792 1.865492 2.184104 0.738484 2.216864 1.242245 1.397912 0.717750 1.270307 1.159893 1.418185 1.107713 1.245683 1.095867 1.214700 1.082149 1.131258 1.053994 0.593559 1.119132 1.115017 1.130353 0.850244
 27.303241 34.057611 66.574847 25.011735 65.692888 2.693535 3.921736 1.745444 4.120436 5.740918 2.434253 4.907163 3.203597 14.396217 3.889738 7.024073 11.153817 4.669822 11.627232 7.226681 15.834935 6.389354 13.898374 9.037911 12.837621 7.648360 32.412152 4.613973 6.194420 8.917526 10.729707 9.738645 11.332157 32.486204 8.922900 12.141224 20.697682 8.394863 21.555633 12.243377 29.347507 11.061751 26.771297 12.973710 18.132718 11.396398 43.049473 8.472624 10.566449 17.081814 19.481100 14.072547 16.376408 42.851510 12.751662 28.262543 53.485133 40.094508 35.295217 27.060167 34.442752 3.747639 3.087121 1.983955 2.149356 1.499959 4.864831 4.098152 3.875414 5.276098 3.249979 2.312134 3.468001 1.675137 1.418483 1.031250 9.915739 8.476177 5.471715 5.593413 4.247118 9.673715 12.702034 10.649604 9.929474 14.184136 7.783851 12.752971 8.023623 6.157604 9.008441 5.086101 10.123903 8.082537 4.509975 3.411315 5.230807 9.434969 5.675009 4.111036 3.130240 3.948208 12.014396 8.216615 4.369758 2.605406 17.283870 14.844999 10.127901 9.526203 8.325608 15.484692 21.214807 17.264050 15.577905 22.740067 12.757395 22.650106 13.179304 10.582194 15.286469 8.711013 17.093988 13.255143 8.081072 6.725591 8.389173 15.642373 9.507654 7.109113 6.770818 6.960903 18.787640 12.831417 8.718111 5.060515 3.218746 3.065665 16.421412 2.833337 16.796965 0.037242 1.951344 0.026125 1.737325 1.645155 0.035334 1.818623 1.063468 29.072028 1.783967 0.604753 2.771679 0.588285 2.652926 2.851603 0.569106 2.769732 2.573537 9.005843 2.664637 8.626912 9.043935 6.928990 11.041667 8.460216 7.953050 2.867127 2.029831 1.578283 2.377032 1.813989 2.421610 2.758647 2.889657 2.583215 3.159864 2.331213 2.932275 2.365406 1.992947 1.309097 1.593255 1.392597 1.357848 1.578990 1.451549 1.433720 1.646070 1.638253 1.486433 1.447454 1.401901 1.489224 1.846723 1.542017 1.310488
 24.178487 31.216377 26.666654 60.462547 60.541036 2.336497 1.907881 3.608294 3.552814 2.830693 4.702684 4.412816 3.441410 3.889738 13.547369 6.094119 5.007496 10.334905 10.061833 6.359507 7.351837 13.180546 12.533504 4.991324 7.189128 10.039580 11.163047 8.097051 10.433675 7.868544 30.331245 8.534681 10.084951 8.918785 30.649403 10.638346 8.574914 19.670627 19.071154 10.896342 12.869219 24.586587 24.103089 8.580104 12.098598 19.285986 20.788752 11.466408 14.357083 11.181395 39.139522 12.546106 14.504342 12.824575 40.609624 24.234981 47.695080 46.215907 31.851671 16.994721 36.072741 3.051541 2.985057 1.947754 1.402963 1.180032 4.400344 3.373245 2.650955 4.832605 2.853861 1.580166 2.986660 1.189868 1.921983 0.697819 8.047601 7.942796 5.256139 3.733524 3.523150 8.253590 11.850831 8.980432 6.768436 13.046294 7.190521 10.895361 6.964759 3.994084 7.673887 4.729946 8.391825 7.372954 2.900262 4.777966 3.470245 6.735696 4.301183 3.353933 2.266416 3.027128 10.857489 7.164923 5.004955 1.861945 14.218049 13.567251 9.713258 6.239275 7.062738 14.410567 20.770299 15.693908 10.569615 21.934386 11.615837 18.727346 11.739664 6.833998 12.954372 7.888175 14.442705 12.513032 4.934781 8.626958 6.200097 12.126177 8.365482 6.626023 5.553432 5.787998 16.820551 11.887332 8.872672 3.683577 2.964772 2.662513 2.682628 17.033765 15.098767 0.034576 0.033494 2.003557 1.149462 0.026972 1.690539 1.154374 1.323386 1.283511 28.524523 0.595911 0.486266 3.035607 2.254918 0.526915 3.009000 2.497887 2.917091 2.475897 8.965568 6.235996 8.625239 12.878011 8.389846 4.871374 9.971599 2.085671 2.713469 1.856711 1.149823 1.283003 2.377364 2.079819 1.577434 2.597486 2.473873 1.452481 2.591333 1.482613 3.467537 0.572849 1.107981 1.223133 1.162256 0.950121 1.016905 1.172387 1.277788 1.019720 1.263724 1.353078 0.921820 1.269955 1.325686 1.881622 0.953496
 137.676786 184.433749 84.862401 67.056118 82.418221 33.216888 10.689003 8.152092 10.971497 15.509410 10.973460 13.439587 5.067302 7.024073 6.094119 80.390196 26.084024 19.990687 26.909935 72.503438 35.345683 25.409680 31.178328 29.262268 42.191523 13.457236 18.337282 22.190652 29.755774 13.311653 15.729799 29.883733 36.805711 18.386456 16.034440 112.272241 38.363941 30.405717 39.873834 94.573026 51.505973 37.029175 46.203442 51.479060 73.658959 23.541589 31.771302 41.876117 55.374850 23.917603 26.912643 52.048447 64.774979 31.370612 27.274266 71.745458 135.414263 101.833487 79.964795 70.303341 97.185924 9.571027 7.559794 5.138189 5.414470 3.619075 13.680553 9.798748 10.110831 15.549256 8.262513 7.273443 8.844401 3.380455 3.681397 2.622439 24.353536 20.296671 14.079955 14.229112 10.684629 24.735930 35.003925 25.832964 25.465410 41.392244 19.663396 35.223282 21.070097 19.152482 23.193300 13.196688 23.797132 20.124113 8.800948 10.117987 12.803999 24.274521 17.178696 8.468818 7.431300 8.903118 33.846278 21.035462 9.465954 7.378963 41.452003 34.599386 26.096762 25.236567 22.037190 39.776861 55.873203 42.007394 39.692847 65.651041 33.428990 59.901533 33.693368 31.822367 39.497866 22.543684 40.089795 32.631025 16.483284 20.144750 20.321584 38.922849 27.342205 15.452385 16.327599 15.873845 50.461599 33.675261 18.500820 15.304463 41.467321 39.214782 11.011259 8.864621 10.792821 63.584443 4.709782 3.443652 4.449720 5.840137 5.110282 7.353977 0.217860 0.253454 0.224233 21.716296 8.924942 7.301259 8.068796 8.226530 6.745114 7.895001 1.805856 2.193886 2.262095 21.476878 23.497742 19.772071 21.043516 20.736187 23.679969 7.088088 4.503638 4.172611 5.663640 3.236032 6.793126 6.471045 6.738541 8.626239 7.126426 7.193775 7.663865 3.554213 4.949214 3.140126 3.612114 3.448465 3.493373 3.827459 3.563474 3.983379 3.634588 4.100042 3.931315 4.091898 4.922422 3.979108 3.281183 3.997193 3.776195
 117.720039 80.328528 160.290755 55.371740 68.697845 10.788533 28.494825 6.602811 9.141211 15.118043 5.817514 6.615275 7.564355 11.153817 5.007496 26.084024 70.175457 16.395278 22.494075 30.258153 42.857807 15.215548 17.563691 60.718873 32.885292 17.396379 24.749980 18.164782 14.810765 21.338960 13.039846 25.354273 17.274874 31.874203 12.990275 38.304539 97.558976 25.215941 33.429616 53.626191 78.158086 25.625461 30.717646 77.079832 44.785299 25.096135 34.787588 34.510899 25.429456 41.644869 22.395884 44.927532 29.268574 57.778494 21.781033 68.597097 122.670469 89.829156 65.610951 66.217374 69.483854 9.671688 8.433998 5.059404 5.449465 4.107510 11.199425 8.715586 9.860338 10.854558 6.572387 6.628913 6.798355 3.835970 2.844615 2.222281 24.191486 21.607643 13.831277 14.230398 11.031559 25.312763 29.066404 22.107048 25.204605 28.781956 21.657462 29.847780 16.717061 17.559239 17.535437 12.791889 21.583942 16.886500 10.081792 7.077991 13.375242 23.534604 16.233932 9.613142 6.243581 10.394494 25.257306 16.931940 7.973407 6.375113 39.885365 35.051105 24.566472 23.902847 19.392356 40.919448 48.231002 34.978165 38.359004 45.810283 34.454050 52.282102 27.424417 29.027614 29.294183 21.879811 36.584587 28.462204 18.384682 13.510297 21.766212 37.258779 25.484739 15.904577 12.856139 18.324439 40.236323 27.562036 15.686915 13.214370 34.164015 9.195540 38.015089 6.491999 8.199818 3.613722 59.339289 2.131858 3.125268 5.803562 0.145527 0.207876 4.348830 6.500835 0.157560 7.430092 21.716069 5.697124 6.516237 8.380013 1.580991 1.887564 6.285394 7.711594 1.527601 17.337955 20.781648 17.350157 15.282792 19.993337 14.745040 6.570763 6.635902 3.855932 4.908321 4.932551 5.430039 5.374624 6.581264 4.744608 4.325571 6.470524 5.108042 4.676702 2.677207 1.750072 3.557329 3.832001 3.485798 4.375359 4.055737 3.032409 2.883607 4.023350 2.896383 3.176078 4.444015 3.029903 4.038490 2.515553 3.356376
 101.674790 65.970492 56.405760 141.218039 59.277794 8.245727 6.653854 25.237994 7.826777 6.260191 10.783941 5.554441 7.654237 4.669822 10.334905 19.990687 16.395278 62.832600 19.282079 23.355797 16.429647 31.287780 14.880130 18.091321 15.791894 22.152808 12.232712 52.437091 23.017327 16.824498 22.341843 22.363502 14.498054 12.337035 29.765730 30.048425 24.575081 88.629315 28.893129 41.871490 28.352137 58.806827 26.085442 32.118631 26.279821 42.695434 21.149286 65.926779 31.093621 23.664989 30.116387 40.175344 24.634965 20.977734 54.572184 50.468708 106.691612 85.046041 70.004141 38.106138 74.230238 7.204373 5.392881 4.811266 3.095258 2.299076 10.186791 8.107948 5.820028 10.273595 6.121006 4.338015 5.929099 2.507616 2.484948 1.211721 18.211706 14.435182 12.433687 7.789154 6.614533 19.156387 25.769905 20.479013 14.047642 27.218222 13.415995 25.874140 15.312326 10.436298 15.641592 11.698692 20.387712 15.132977 6.129226 6.915577 7.672100 15.006414 11.364759 6.655301 3.903740 5.837372 22.863473 14.005507 6.499102 3.376435 31.724537 25.358301 22.149797 12.946254 13.541361 32.161603 42.074290 34.542100 21.412381 43.441177 22.125431 43.912333 25.916725 16.483750 26.709183 19.084920 35.201311 24.539138 10.492274 14.296001 13.155615 27.101715 19.295872 12.872626 9.829595 10.940547 36.575598 23.341444 13.994749 7.108095 29.242212 6.619373 5.383747 38.599492 7.546555 1.939297 1.837373 61.519014 2.362655 0.098085 5.455665 0.149714 5.358258 0.113259 6.664792 5.269764 4.519052 21.707232 5.693064 1.364533 7.081579 1.724664 5.980398 1.295546 7.645995 11.800997 16.484107 19.278710 16.799568 11.073506 20.342998 5.324245 3.514739 5.549031 2.693579 1.943825 5.235085 6.200536 3.337681 5.107242 5.421246 4.816275 4.118821 2.621192 2.857509 0.651726 2.519443 2.115670 2.839388 1.957636 1.729449 2.607992 2.584445 2.010799 2.290614 2.758149 2.462388 2.419607 2.320938 2.104454 1.481968
 126.300390 82.834402 72.900044 62.639968 169.963786 10.943742 9.122620 7.801272 30.369450 8.108023 6.258739 13.974603 4.459206 11.627232 10.061833 26.909935 22.494075 19.282079 75.357285 30.836988 21.009781 16.629815 40.267756 24.992190 20.448735 12.016173 33.182521 21.349264 15.881005 11.737383 27.889375 65.501661 30.935567 25.994742 23.002008 40.178466 33.194270 29.315926 105.803448 54.738526 35.870757 28.660749 75.742781 44.153972 33.840658 21.380255 61.629197 40.012156 26.909323 20.904010 51.417794 84.733042 42.692833 36.458206 32.780941 62.989698 125.075079 108.540886 81.248160 69.989646 66.795120 8.041610 6.637623 4.664040 4.345876 3.266086 12.117447 9.997752 10.000728 10.987118 8.901046 6.622807 6.711842 4.122261 2.923370 1.557918 20.716521 18.401893 13.180416 12.094112 8.836373 21.192375 32.173221 26.577948 25.610631 28.177165 16.293178 30.237416 21.661081 16.603073 17.046490 11.700304 24.014913 22.166518 11.178920 7.278533 10.337142 22.896290 16.369864 9.967377 4.380433 8.678987 26.778186 16.993120 9.057888 4.920428 36.197423 33.158411 25.186827 22.607014 16.148084 34.548953 55.191474 44.136679 40.226479 44.279651 26.206032 51.817507 34.309466 27.954857 28.569983 19.422119 39.868758 36.294373 19.770120 14.024014 16.636253 35.652056 26.683301 17.201533 9.762469 15.292002 44.497358 30.166660 19.777178 11.973512 36.155529 9.291631 8.263561 8.490100 40.998824 2.841072 3.425118 4.214282 62.961166 0.158617 0.191826 7.266428 0.111089 7.091271 5.381609 7.557552 6.781195 7.254373 21.710458 1.909689 2.036797 8.642008 1.585940 7.627491 7.239350 19.608356 20.198029 20.098246 19.800284 22.216474 15.419188 4.588281 3.709668 3.780044 3.864426 3.601488 6.436976 7.362071 7.965039 5.680535 9.672017 7.358485 5.715778 5.662051 2.900838 1.050636 2.854936 2.535836 2.984520 3.303567 3.016570 3.181566 3.784510 3.471658 2.807387 4.198575 3.991494 2.754161 5.282412 2.730008 1.865499
 192.364657 149.087198 89.161086 70.127194 85.451670 34.999414 13.707100 10.508180 13.889490 13.670145 9.722114 11.502166 5.350096 7.226681 6.359507 72.503438 30.258153 23.355797 30.836988 89.245313 33.936478 24.436076 29.320412 38.875186 35.690029 14.088236 18.741369 29.940315 25.413170 14.049380 16.408851 39.492065 30.418816 18.947747 16.774852 92.014845 41.632342 33.055927 42.638144 128.402151 52.526852 37.456839 46.093943 70.267992 60.554727 24.470420 32.195331 58.503323 45.690753 25.267022 28.038630 71.820845 52.746532 32.618588 28.724842 75.471179 140.974316 110.575060 88.468018 77.305968 93.397259 10.455715 8.261074 5.329411 6.131665 3.683013 14.589135 10.193018 11.301987 15.023130 8.611324 8.114220 8.877162 3.704071 3.964306 2.458060 26.556303 22.095741 14.664201 16.129230 10.711676 26.979582 37.477629 27.132419 28.635158 39.251753 21.247885 37.186246 21.781322 21.304955 22.809363 13.882759 24.647260 20.929991 9.552299 10.641331 14.408208 26.922322 19.267015 9.376400 6.728976 9.185315 33.779026 21.744838 10.427193 7.385974 44.907089 37.775333 27.298300 28.488077 21.258340 43.531215 60.198194 44.598148 44.598169 61.559779 36.132911 62.890371 34.828439 35.585164 38.437395 24.707119 41.844252 34.361639 17.893058 20.491233 23.025520 42.464002 30.324261 16.847716 14.640997 16.549924 51.081887 35.881283 19.970336 15.997843 54.760615 31.824484 11.174258 9.115317 10.942848 63.887584 10.709132 8.057890 9.919429 2.410110 2.008385 3.120224 0.208085 0.256865 0.221633 21.747542 10.473523 8.868448 9.602581 7.458458 5.903179 6.908198 1.815013 2.195225 2.252150 20.446507 23.431510 21.422656 25.315545 22.684510 23.462795 7.758794 5.640959 4.467835 6.925616 2.889340 7.765766 6.759852 7.766569 7.840651 7.596090 8.149410 7.804782 3.653947 5.209546 2.416258 3.910875 3.774960 3.719087 4.415596 3.636959 4.108948 3.754552 4.627502 3.975786 3.963433 5.550499 3.907456 3.670641 4.440116 3.485268
